0,1 99,9994
0,1023292992 99,9994
0,1047128548 99,9994
0,1071519305 99,9994
0,1096478196 99,9993
0,1122018454 99,9993
0,1148153621 99,9993
0,1174897555 99,9993
0,1202264435 99,9992
0,1230268771 99,9992
0,1258925412 99,9992
0,1288249552 99,9991
0,1318256739 99,9991
0,1348962883 99,9991
0,1380384265 99,999
0,1412537545 99,999
0,1445439771 99,999
0,1479108388 99,9989
0,1513561248 99,9989
0,1548816619 99,9988
0,1584893192 99,9988
0,1621810097 99,9987
0,1659586907 99,9987
0,1698243652 99,9986
0,1737800829 99,9986
0,177827941 99,9985
0,1819700859 99,9984
0,1862087137 99,9984
0,1905460718 99,9983
0,19498446 99,9982
0,1995262315 99,9981
0,2041737945 99,9981
0,2089296131 99,998
0,213796209 99,9979
0,2187761624 99,9978
0,2238721139 99,9977
0,2290867653 99,9976
0,2344228815 99,9975
0,2398832919 99,9974
0,2454708916 99,9972
0,2511886432 99,9971
0,2570395783 99,997
0,2630267992 99,9969
0,2691534804 99,9967
0,2754228703 99,9966
0,2818382931 99,9964
0,2884031503 99,9963
0,2951209227 99,9961
0,301995172 99,9959
0,3090295433 99,9957
0,316227766 99,9955
0,3235936569 99,9953
0,3311311215 99,9951
0,3388441561 99,9949
0,3467368505 99,9946
0,3548133892 99,9944
0,3630780548 99,9941
0,3715352291 99,9939
0,3801893963 99,9936
0,389045145 99,9933
0,3981071706 99,993
0,4073802778 99,9927
0,4168693835 99,9923
0,4265795188 99,992
0,4365158322 99,9916
0,4466835922 99,9912
0,4570881896 99,9908
0,4677351413 99,9904
0,4786300923 99,9899
0,4897788194 99,9895
0,5011872336 99,989
0,512861384 99,9885
0,5248074602 99,9879
0,5370317964 99,9874
0,5495408739 99,9868
0,5623413252 99,9861
0,5754399373 99,9855
0,5888436554 99,9848
0,6025595861 99,9841
0,6165950019 99,9834
0,6309573445 99,9826
0,645654229 99,9818
0,660693448 99,9809
0,6760829754 99,9801
0,6918309709 99,9791
0,7079457844 99,9781
0,7244359601 99,9771
0,7413102413 99,9761
0,758577575 99,9749
0,7762471166 99,9738
0,7943282347 99,9725
0,8128305162 99,9713
0,8317637711 99,9699
0,8511380382 99,9685
0,87096359 99,967
0,8912509381 99,9655
0,9120108394 99,9639
0,9332543008 99,9622
0,954992586 99,9604
0,977237221 99,9586
1 99,9566
1,023292992 99,9546
1,047128548 99,9525
1,071519305 99,9503
1,096478196 99,948
1,122018454 99,9455
1,148153621 99,943
1,174897555 99,9403
1,202264435 99,9375
1,230268771 99,9346
1,258925412 99,9316
1,288249552 99,9284
1,318256739 99,925
1,348962883 99,9215
1,380384265 99,9179
1,412537545 99,914
1,445439771 99,91
1,479108388 99,9059
1,513561248 99,9015
1,548816619 99,8969
1,584893192 99,8921
1,621810097 99,8871
1,659586907 99,8818
1,698243652 99,8764
1,737800829 99,8706
1,77827941 99,8646
1,819700859 99,8584
1,862087137 99,8518
1,905460718 99,8449
1,9498446 99,8378
1,995262315 99,8303
2,041737945 99,8225
2,089296131 99,8143
2,13796209 99,8057
2,187761624 99,7968
2,238721139 99,7874
2,290867653 99,7777
2,344228815 99,7675
2,398832919 99,7568
2,454708916 99,7457
2,511886432 99,7341
2,570395783 99,722
2,630267992 99,7093
2,691534804 99,6961
2,754228703 99,6823
2,818382931 99,6678
2,884031503 99,6528
2,951209227 99,6371
3,01995172 99,6207
3,090295433 99,6037
3,16227766 99,5859
3,235936569 99,5673
3,311311215 99,5479
3,388441561 99,5278
3,467368505 99,5067
3,548133892 99,4848
3,630780548 99,462
3,715352291 99,4382
3,801893963 99,4134
3,89045145 99,3877
3,981071706 99,3608
4,073802778 99,3329
4,168693835 99,3039
4,265795188 99,2737
4,365158322 99,2423
4,466835922 99,2096
4,570881896 99,1757
4,677351413 99,1405
4,786300923 99,1039
4,897788194 99,0659
5,011872336 99,0265
5,12861384 98,9856
5,248074602 98,9431
5,370317964 98,8992
5,495408739 98,8536
5,623413252 98,8064
5,754399373 98,7575
5,888436554 98,7068
6,025595861 98,6544
6,165950019 98,6003
6,309573445 98,5442
6,45654229 98,4863
6,60693448 98,4265
6,760829754 98,3648
6,918309709 98,301
7,079457844 98,2352
7,244359601 98,1674
7,413102413 98,0975
7,58577575 98,0255
7,762471166 97,9514
7,943282347 97,8751
8,128305162 97,7966
8,317637711 97,716
8,511380382 97,6331
8,7096359 97,5479
8,912509381 97,4605
9,120108394 97,3708
9,332543008 97,2788
9,54992586 97,1846
9,77237221 97,088
10 96,9892
10,23292992 96,888
10,47128548 96,7845
10,71519305 96,6788
10,96478196 96,5707
11,22018454 96,4604
11,48153621 96,3478
11,74897555 96,2329
12,02264435 96,1158
12,30268771 95,9965
12,58925412 95,8749
12,88249552 95,7512
13,18256739 95,6253
13,48962883 95,4973
13,80384265 95,3672
14,12537545 95,235
14,45439771 95,1007
14,79108388 94,9644
15,13561248 94,8262
15,48816619 94,686
15,84893192 94,5439
16,21810097 94,3999
16,59586907 94,2541
16,98243652 94,1064
17,37800829 93,957
17,7827941 93,8059
18,19700859 93,6531
18,62087137 93,4987
19,05460718 93,3427
19,498446 93,1851
19,95262315 93,026
20,41737945 92,8654
20,89296131 92,7034
21,3796209 92,54
21,87761624 92,3752
22,38721139 92,2091
22,90867653 92,0417
23,44228815 91,8731
23,98832919 91,7033
24,54708916 91,5323
25,11886432 91,3602
25,70395783 91,1871
26,30267992 91,0128
26,91534804 90,8376
27,54228703 90,6614
28,18382931 90,4842
28,84031503 90,3061
29,51209227 90,1271
30,1995172 89,9473
30,90295433 89,7666
31,6227766 89,5852
32,35936569 89,403
33,11311215 89,2201
33,88441561 89,0364
34,67368505 88,8521
35,48133892 88,6672
36,30780548 88,4816
37,15352291 88,2954
38,01893963 88,1086
38,9045145 87,9212
39,81071706 87,7334
40,73802778 87,545
41,68693835 87,3561
42,65795188 87,1668
43,65158322 86,977
44,66835922 86,7867
45,70881896 86,596
46,77351413 86,405
47,86300923 86,2135
48,97788194 86,0217
50,11872336 85,8295
51,2861384 85,637
52,48074602 85,4442
53,70317964 85,251
54,95408739 85,0576
56,23413252 84,8639
57,54399373 84,6699
58,88436554 84,4756
60,25595861 84,2811
61,65950019 84,0863
63,09573445 83,8913
64,5654229 83,6961
66,0693448 83,5007
67,60829754 83,3051
69,18309709 83,1093
70,79457844 82,9133
72,44359601 82,7171
74,13102413 82,5207
75,8577575 82,3242
77,62471166 82,1276
79,43282347 81,9308
81,28305162 81,7338
83,17637711 81,5367
85,11380382 81,3395
87,096359 81,1422
89,12509381 80,9447
91,20108394 80,7472
93,32543008 80,5495
95,4992586 80,3517
97,7237221 80,1538
100 79,9558
102,3292992 79,7578
104,7128548 79,5596
107,1519305 79,3614
109,6478196 79,1631
112,2018454 78,9647
114,8153621 78,7662
117,4897555 78,5677
120,2264435 78,3691
123,0268771 78,1705
125,8925412 77,9717
128,8249552 77,773
131,8256739 77,5741
134,8962883 77,3753
138,0384265 77,1763
141,2537545 76,9773
144,5439771 76,7783
147,9108388 76,5792
151,3561248 76,3801
154,8816619 76,181
158,4893192 75,9818
162,1810097 75,7826
165,9586907 75,5833
169,8243652 75,384
173,7800829 75,1847
177,827941 74,9853
181,9700859 74,786
186,2087137 74,5865
190,5460718 74,3871
194,98446 74,1876
199,5262315 73,9882
204,1737945 73,7886
208,9296131 73,5891
213,796209 73,3896
218,7761624 73,19
223,8721139 72,9904
229,0867653 72,7908
234,4228815 72,5912
239,8832919 72,3915
245,4708916 72,1919
251,1886432 71,9922
257,0395783 71,7925
263,0267992 71,5928
269,1534804 71,3931
275,4228703 71,1933
281,8382931 70,9936
288,4031503 70,7938
295,1209227 70,5941
301,995172 70,3943
309,0295433 70,1945
316,227766 69,9947
323,5936569 69,7949
331,1311215 69,5951
338,8441561 69,3953
346,7368505 69,1954
354,8133892 68,9956
363,0780548 68,7958
371,5352291 68,5959
380,1893963 68,396
389,045145 68,1962
398,1071706 67,9963
407,3802778 67,7964
416,8693835 67,5966
426,5795188 67,3967
436,5158322 67,1968
446,6835922 66,9969
457,0881896 66,797
467,7351413 66,5971
478,6300923 66,3972
489,7788194 66,1972
501,1872336 65,9973
512,861384 65,7974
524,8074602 65,5975
537,0317964 65,3975
549,5408739 65,1976
562,3413252 64,9977
575,4399373 64,7977
588,8436554 64,5978
602,5595861 64,3979
616,5950019 64,1979
630,9573445 63,998
645,654229 63,798
660,693448 63,5981
676,0829754 63,3981
691,8309709 63,1981
707,9457844 62,9982
724,4359601 62,7982
741,3102413 62,5983
758,577575 62,3983
776,2471166 62,1983
794,3282347 61,9984
812,8305162 61,7984
831,7637711 61,5984
851,1380382 61,3985
870,96359 61,1985
891,2509381 60,9985
912,0108394 60,7985
933,2543008 60,5986
954,992586 60,3986
977,237221 60,1986
1000 59,9986
1023,292992 59,7986
1047,128548 59,5987
1071,519305 59,3987
1096,478196 59,1987
1122,018454 58,9987
1148,153621 58,7987
1174,897555 58,5987
1202,264435 58,3988
1230,268771 58,1988
1258,925412 57,9988
1288,249552 57,7988
1318,256739 57,5988
1348,962883 57,3988
1380,384265 57,1988
1412,537545 56,9988
1445,439771 56,7988
1479,108388 56,5989
1513,561248 56,3989
1548,816619 56,1989
1584,893192 55,9989
1621,810097 55,7989
1659,586907 55,5989
1698,243652 55,3989
1737,800829 55,1989
1778,27941 54,9989
1819,700859 54,7989
1862,087137 54,5989
1905,460718 54,3989
1949,8446 54,1989
1995,262315 53,9989
2041,737945 53,7989
2089,296131 53,599
2137,96209 53,399
2187,761624 53,199
2238,721139 52,999
2290,867653 52,799
2344,228815 52,599
2398,832919 52,399
2454,708916 52,199
2511,886432 51,999
2570,395783 51,799
2630,267992 51,599
2691,534804 51,399
2754,228703 51,199
2818,382931 50,999
2884,031503 50,799
2951,209227 50,599
3019,95172 50,399
3090,295433 50,199
3162,27766 49,999
3235,936569 49,799
3311,311215 49,599
3388,441561 49,399
3467,368505 49,199
3548,133892 48,999
3630,780548 48,799
3715,352291 48,599
3801,893963 48,399
3890,45145 48,199
3981,071706 47,999
4073,802778 47,799
4168,693835 47,599
4265,795188 47,399
4365,158322 47,199
4466,835922 46,999
4570,881896 46,799
4677,351413 46,599
4786,300923 46,399
4897,788194 46,199
5011,872336 45,999
5128,61384 45,799
5248,074602 45,599
5370,317964 45,399
5495,408739 45,199
5623,413252 44,999
5754,399373 44,799
5888,436554 44,599
6025,595861 44,399
6165,950019 44,199
6309,573445 43,999
6456,54229 43,799
6606,93448 43,599
6760,829754 43,399
6918,309709 43,199
7079,457844 42,999
7244,359601 42,799
7413,102413 42,599
7585,77575 42,399
7762,471166 42,199
7943,282347 41,999
8128,305162 41,799
8317,637711 41,599
8511,380382 41,399
8709,6359 41,199
8912,509381 40,999
9120,108394 40,799
9332,543008 40,599
9549,92586 40,399
9772,37221 40,199
10000 39,999
10232,92992 39,799
10471,28548 39,599
10715,19305 39,399
10964,78196 39,199
11220,18454 38,999
11481,53621 38,799
11748,97555 38,599
12022,64435 38,399
12302,68771 38,199
12589,25412 37,9991
12882,49552 37,7991
13182,56739 37,5991
13489,62883 37,3991
13803,84265 37,1991
14125,37545 36,9991
14454,39771 36,7991
14791,08388 36,5991
15135,61248 36,3991
15488,16619 36,1991
15848,93192 35,9991
16218,10097 35,7991
16595,86907 35,5991
16982,43652 35,3991
17378,00829 35,1991
17782,7941 34,9991
18197,00859 34,7991
18620,87137 34,5991
19054,60718 34,3991
19498,446 34,1991
19952,62315 33,9991
20417,37945 33,7991
20892,96131 33,5991
21379,6209 33,3991
21877,61624 33,1991
22387,21139 32,9991
22908,67653 32,7991
23442,28815 32,5991
23988,32919 32,3991
24547,08916 32,1991
25118,86432 31,9991
25703,95783 31,7991
26302,67992 31,5991
26915,34804 31,3991
27542,28703 31,1991
28183,82931 30,9991
28840,31503 30,7991
29512,09227 30,5991
30199,5172 30,3991
30902,95433 30,1991
31622,7766 29,9991
32359,36569 29,7991
33113,11215 29,5991
33884,41561 29,3991
34673,68505 29,1991
35481,33892 28,9991
36307,80548 28,7991
37153,52291 28,5991
38018,93963 28,3991
38904,5145 28,1991
39810,71706 27,9991
40738,02778 27,7991
41686,93835 27,5991
42657,95188 27,3991
43651,58322 27,1991
44668,35922 26,9991
45708,81896 26,7991
46773,51413 26,5991
47863,00923 26,3991
48977,88194 26,1991
50118,72336 25,9991
51286,1384 25,7991
52480,74602 25,5991
53703,17964 25,3991
54954,08739 25,1991
56234,13252 24,9991
57543,99373 24,7991
58884,36554 24,5991
60255,95861 24,3991
61659,50019 24,1991
63095,73445 23,9991
64565,4229 23,7991
66069,3448 23,5991
67608,29754 23,3991
69183,09709 23,1991
70794,57844 22,9991
72443,59601 22,7991
74131,02413 22,5991
75857,7575 22,3991
77624,71166 22,1991
79432,82347 21,9991
81283,05162 21,7991
83176,37711 21,5991
85113,80382 21,3991
87096,359 21,1991
89125,09381 20,9991
91201,08394 20,7991
93325,43008 20,5991
95499,2586 20,3991
97723,7221 20,1991
100000 19,9991
102329,2992 19,7991
104712,8548 19,5991
107151,9305 19,3991
109647,8196 19,1991
112201,8454 18,9991
114815,3621 18,7991
117489,7555 18,5991
120226,4435 18,3991
123026,8771 18,1991
125892,5412 17,9991
128824,9552 17,7991
131825,6739 17,5991
134896,2883 17,3991
138038,4265 17,1991
141253,7545 16,9991
144543,9771 16,7991
147910,8388 16,5991
151356,1248 16,3991
154881,6619 16,1991
158489,3192 15,9991
162181,0097 15,7991
165958,6907 15,5991
169824,3652 15,3991
173780,0829 15,1991
177827,941 14,9991
181970,0859 14,7991
186208,7137 14,5991
190546,0718 14,3991
194984,46 14,1991
199526,2315 13,9991
204173,7945 13,7991
208929,6131 13,5991
213796,209 13,3991
218776,1624 13,1991
223872,1139 12,9991
229086,7653 12,7991
234422,8815 12,5991
239883,2919 12,3991
245470,8916 12,1991
251188,6432 11,9991
257039,5783 11,7991
263026,7992 11,5992
269153,4804 11,3992
275422,8703 11,1992
281838,2931 10,9992
288403,1503 10,7992
295120,9227 10,5992
301995,172 10,3992
309029,5433 10,1992
316227,766 9,99916
323593,6569 9,79916
331131,1215 9,59916
338844,1561 9,39916
346736,8505 9,19917
354813,3892 8,99917
363078,0548 8,79917
371535,2291 8,59917
380189,3963 8,39917
389045,145 8,19917
398107,1706 7,99917
407380,2778 7,79917
416869,3835 7,59917
426579,5188 7,39917
436515,8322 7,19917
446683,5922 6,99918
457088,1896 6,79918
467735,1413 6,59918
478630,0923 6,39918
489778,8194 6,19918
501187,2336 5,99918
512861,384 5,79918
524807,4602 5,59918
537031,7964 5,39918
549540,8739 5,19918
562341,3252 4,99918
575439,9373 4,79918
588843,6554 4,59918
602559,5861 4,39918
616595,0019 4,19918
630957,3445 3,99918
645654,229 3,79918
660693,448 3,59918
676082,9754 3,39918
691830,9709 3,19919
707945,7844 2,99919
724435,9601 2,79919
741310,2413 2,59919
758577,575 2,39919
776247,1166 2,19919
794328,2347 1,99919
812830,5162 1,79919
831763,7711 1,59919
851138,0382 1,39919
870963,59 1,19919
891250,9381 0,999188
912010,8394 0,799189
933254,3008 0,599189
954992,586 0,399189
977237,221 0,199189
1000000 -0,000810557
1023292,992 -0,20081
1047128,548 -0,40081
1071519,305 -0,60081
1096478,196 -0,80081
1122018,454 -1,00081
1148153,621 -1,20081
1174897,555 -1,40081
1202264,435 -1,60081
1230268,771 -1,80081
1258925,412 -2,00081
1288249,552 -2,20081
1318256,739 -2,40081
1348962,883 -2,60081
1380384,265 -2,80081
1412537,545 -3,00081
1445439,771 -3,20081
1479108,388 -3,40081
1513561,248 -3,60081
1548816,619 -3,80081
1584893,192 -4,00081
1621810,097 -4,20081
1659586,907 -4,40081
1698243,652 -4,60081
1737800,829 -4,80081
1778279,41 -5,00081
1819700,859 -5,20081
1862087,137 -5,40081
1905460,718 -5,60081
1949844,6 -5,80081
1995262,315 -6,00081
2041737,945 -6,20081
2089296,131 -6,40081
2137962,09 -6,60081
2187761,624 -6,80081
2238721,139 -7,00081
2290867,653 -7,20081
2344228,815 -7,40081
2398832,919 -7,60081
2454708,916 -7,80081
2511886,432 -8,00081
2570395,783 -8,20081
2630267,992 -8,40081
2691534,804 -8,60081
2754228,703 -8,80081
2818382,931 -9,00081
2884031,503 -9,20081
2951209,227 -9,40081
3019951,72 -9,60081
3090295,433 -9,80081
3162277,66 -10,0008
3235936,569 -10,2008
3311311,215 -10,4008
3388441,561 -10,6008
3467368,505 -10,8008
3548133,892 -11,0008
3630780,548 -11,2008
3715352,291 -11,4008
3801893,963 -11,6008
3890451,45 -11,8008
3981071,706 -12,0008
4073802,778 -12,2008
4168693,835 -12,4008
4265795,188 -12,6008
4365158,322 -12,8008
4466835,922 -13,0008
4570881,896 -13,2008
4677351,413 -13,4008
4786300,923 -13,6008
4897788,194 -13,8008
5011872,336 -14,0008
5128613,84 -14,2008
5248074,602 -14,4008
5370317,964 -14,6008
5495408,739 -14,8008
5623413,252 -15,0008
5754399,373 -15,2008
5888436,554 -15,4008
6025595,861 -15,6008
6165950,019 -15,8008
6309573,445 -16,0008
6456542,29 -16,2008
6606934,48 -16,4008
6760829,754 -16,6008
6918309,709 -16,8008
7079457,844 -17,0008
7244359,601 -17,2008
7413102,413 -17,4008
7585775,75 -17,6008
7762471,166 -17,8008
7943282,347 -18,0008
8128305,162 -18,2008
8317637,711 -18,4008
8511380,382 -18,6008
8709635,9 -18,8008
8912509,381 -19,0008
9120108,394 -19,2008
9332543,008 -19,4008
9549925,86 -19,6008
9772372,21 -19,8008
10000000 -20,0008
10232929,92 -20,2008
10471285,48 -20,4008
10715193,05 -20,6008
10964781,96 -20,8008
11220184,54 -21,0008
11481536,21 -21,2008
11748975,55 -21,4008
12022644,35 -21,6008
12302687,71 -21,8008
12589254,12 -22,0008
12882495,52 -22,2008
13182567,39 -22,4008
13489628,83 -22,6008
13803842,65 -22,8008
14125375,45 -23,0008
14454397,71 -23,2008
14791083,88 -23,4008
15135612,48 -23,6008
15488166,19 -23,8008
15848931,92 -24,0008
16218100,97 -24,2008
16595869,07 -24,4008
16982436,52 -24,6008
17378008,29 -24,8008
17782794,1 -25,0008
18197008,59 -25,2008
18620871,37 -25,4008
19054607,18 -25,6008
19498446 -25,8008
19952623,15 -26,0008
20417379,45 -26,2008
20892961,31 -26,4008
21379620,9 -26,6008
21877616,24 -26,8008
22387211,39 -27,0008
22908676,53 -27,2008
23442288,15 -27,4008
23988329,19 -27,6008
24547089,16 -27,8008
25118864,32 -28,0008
25703957,83 -28,2008
26302679,92 -28,4008
26915348,04 -28,6008
27542287,03 -28,8008
28183829,31 -29,0008
28840315,03 -29,2008
29512092,27 -29,4008
30199517,2 -29,6008
30902954,33 -29,8008
31622776,6 -30,0008
32359365,69 -30,2008
33113112,15 -30,4008
33884415,61 -30,6008
34673685,05 -30,8008
35481338,92 -31,0008
36307805,48 -31,2008
37153522,91 -31,4008
38018939,63 -31,6008
38904514,5 -31,8008
39810717,06 -32,0008
40738027,78 -32,2008
41686938,35 -32,4008
42657951,88 -32,6008
43651583,22 -32,8008
44668359,22 -33,0008
45708818,96 -33,2008
46773514,13 -33,4008
47863009,23 -33,6008
48977881,94 -33,8008
50118723,36 -34,0008
51286138,4 -34,2008
52480746,02 -34,4008
53703179,64 -34,6008
54954087,39 -34,8008
56234132,52 -35,0008
57543993,73 -35,2008
58884365,54 -35,4008
60255958,61 -35,6008
61659500,19 -35,8008
63095734,45 -36,0008
64565422,9 -36,2008
66069344,8 -36,4008
67608297,54 -36,6008
69183097,09 -36,8008
70794578,44 -37,0008
72443596,01 -37,2008
74131024,13 -37,4008
75857757,5 -37,6008
77624711,66 -37,8008
79432823,47 -38,0008
81283051,62 -38,2008
83176377,11 -38,4008
85113803,82 -38,6008
87096359 -38,8008
89125093,81 -39,0008
91201083,94 -39,2008
93325430,08 -39,4008
95499258,6 -39,6008
97723722,1 -39,8008
100000000 -40,0008
102329299,2 -40,2008
104712854,8 -40,4008
107151930,5 -40,6008
109647819,6 -40,8008
112201845,4 -41,0008
114815362,1 -41,2008
117489755,5 -41,4008
120226443,5 -41,6008
123026877,1 -41,8008
125892541,2 -42,0008
128824955,2 -42,2008
131825673,9 -42,4008
134896288,3 -42,6008
138038426,5 -42,8008
141253754,5 -43,0008
144543977,1 -43,2008
147910838,8 -43,4008
151356124,8 -43,6008
154881661,9 -43,8008
158489319,2 -44,0008
162181009,7 -44,2008
165958690,7 -44,4008
169824365,2 -44,6008
173780082,9 -44,8008
177827941 -45,0008
181970085,9 -45,2008
186208713,7 -45,4008
190546071,8 -45,6008
194984460 -45,8008
199526231,5 -46,0008
204173794,5 -46,2008
208929613,1 -46,4008
213796209 -46,6008
218776162,4 -46,8008
223872113,9 -47,0008
229086765,3 -47,2008
234422881,5 -47,4008
239883291,9 -47,6008
245470891,6 -47,8008
251188643,2 -48,0008
257039578,3 -48,2008
263026799,2 -48,4008
269153480,4 -48,6008
275422870,3 -48,8008
281838293,1 -49,0008
288403150,3 -49,2008
295120922,7 -49,4008
301995172 -49,6008
309029543,3 -49,8008
316227766 -50,0008
323593656,9 -50,2008
331131121,5 -50,4008
338844156,1 -50,6008
346736850,5 -50,8008
354813389,2 -51,0008
363078054,8 -51,2008
371535229,1 -51,4008
380189396,3 -51,6008
389045145 -51,8008
398107170,6 -52,0008
407380277,8 -52,2008
416869383,5 -52,4008
426579518,8 -52,6008
436515832,2 -52,8008
446683592,2 -53,0008
457088189,6 -53,2008
467735141,3 -53,4008
478630092,3 -53,6008
489778819,4 -53,8008
501187233,6 -54,0008
512861384 -54,2008
524807460,2 -54,4008
537031796,4 -54,6008
549540873,9 -54,8008
562341325,2 -55,0008
575439937,3 -55,2008
588843655,4 -55,4008
602559586,1 -55,6008
616595001,9 -55,8008
630957344,5 -56,0008
645654229 -56,2008
660693448 -56,4008
676082975,4 -56,6008
691830970,9 -56,8008
707945784,4 -57,0008
724435960,1 -57,2008
741310241,3 -57,4008
758577575 -57,6008
776247116,6 -57,8008
794328234,7 -58,0008
812830516,2 -58,2008
831763771,1 -58,4008
851138038,2 -58,6008
870963590 -58,8008
891250938,1 -59,0008
912010839,4 -59,2008
933254300,8 -59,4008
954992586 -59,6008
977237221 -59,8008
1000000000 -60,0008
