0,01 100,614
0,01023292992 100,614
0,01047128548 100,614
0,01071519305 100,614
0,01096478196 100,614
0,01122018454 100,614
0,01148153621 100,614
0,01174897555 100,614
0,01202264435 100,614
0,01230268771 100,614
0,01258925412 100,614
0,01288249552 100,614
0,01318256739 100,614
0,01348962883 100,614
0,01380384265 100,614
0,01412537545 100,614
0,01445439771 100,614
0,01479108388 100,614
0,01513561248 100,614
0,01548816619 100,614
0,01584893192 100,614
0,01621810097 100,614
0,01659586907 100,614
0,01698243652 100,614
0,01737800829 100,614
0,0177827941 100,614
0,01819700859 100,614
0,01862087137 100,614
0,01905460718 100,614
0,019498446 100,614
0,01995262315 100,614
0,02041737945 100,614
0,02089296131 100,614
0,0213796209 100,614
0,02187761624 100,614
0,02238721139 100,614
0,02290867653 100,614
0,02344228815 100,614
0,02398832919 100,614
0,02454708916 100,614
0,02511886432 100,614
0,02570395783 100,614
0,02630267992 100,614
0,02691534804 100,614
0,02754228703 100,614
0,02818382931 100,614
0,02884031503 100,614
0,02951209227 100,614
0,0301995172 100,614
0,03090295433 100,614
0,0316227766 100,614
0,03235936569 100,614
0,03311311215 100,614
0,03388441561 100,614
0,03467368505 100,614
0,03548133892 100,614
0,03630780548 100,614
0,03715352291 100,614
0,03801893963 100,614
0,0389045145 100,614
0,03981071706 100,614
0,04073802778 100,614
0,04168693835 100,614
0,04265795188 100,614
0,04365158322 100,614
0,04466835922 100,614
0,04570881896 100,614
0,04677351413 100,614
0,04786300923 100,614
0,04897788194 100,614
0,05011872336 100,614
0,0512861384 100,614
0,05248074602 100,614
0,05370317964 100,614
0,05495408739 100,614
0,05623413252 100,614
0,05754399373 100,614
0,05888436554 100,614
0,06025595861 100,614
0,06165950019 100,614
0,06309573445 100,614
0,0645654229 100,614
0,0660693448 100,614
0,06760829754 100,614
0,06918309709 100,614
0,07079457844 100,614
0,07244359601 100,614
0,07413102413 100,614
0,0758577575 100,614
0,07762471166 100,614
0,07943282347 100,614
0,08128305162 100,614
0,08317637711 100,614
0,08511380382 100,614
0,087096359 100,614
0,08912509381 100,614
0,09120108394 100,614
0,09332543008 100,614
0,0954992586 100,614
0,0977237221 100,614
0,1 100,614
0,1023292992 100,614
0,1047128548 100,614
0,1071519305 100,614
0,1096478196 100,614
0,1122018454 100,614
0,1148153621 100,614
0,1174897555 100,614
0,1202264435 100,614
0,1230268771 100,614
0,1258925412 100,614
0,1288249552 100,614
0,1318256739 100,614
0,1348962883 100,613
0,1380384265 100,613
0,1412537545 100,613
0,1445439771 100,613
0,1479108388 100,613
0,1513561248 100,613
0,1548816619 100,613
0,1584893192 100,613
0,1621810097 100,613
0,1659586907 100,613
0,1698243652 100,613
0,1737800829 100,613
0,177827941 100,613
0,1819700859 100,613
0,1862087137 100,613
0,1905460718 100,613
0,19498446 100,613
0,1995262315 100,613
0,2041737945 100,613
0,2089296131 100,613
0,213796209 100,613
0,2187761624 100,613
0,2238721139 100,612
0,2290867653 100,612
0,2344228815 100,612
0,2398832919 100,612
0,2454708916 100,612
0,2511886432 100,612
0,2570395783 100,612
0,2630267992 100,612
0,2691534804 100,612
0,2754228703 100,612
0,2818382931 100,611
0,2884031503 100,611
0,2951209227 100,611
0,301995172 100,611
0,3090295433 100,611
0,316227766 100,611
0,3235936569 100,611
0,3311311215 100,61
0,3388441561 100,61
0,3467368505 100,61
0,3548133892 100,61
0,3630780548 100,61
0,3715352291 100,61
0,3801893963 100,609
0,389045145 100,609
0,3981071706 100,609
0,4073802778 100,609
0,4168693835 100,608
0,4265795188 100,608
0,4365158322 100,608
0,4466835922 100,608
0,4570881896 100,607
0,4677351413 100,607
0,4786300923 100,607
0,4897788194 100,606
0,5011872336 100,606
0,512861384 100,605
0,5248074602 100,605
0,5370317964 100,605
0,5495408739 100,604
0,5623413252 100,604
0,5754399373 100,603
0,5888436554 100,603
0,6025595861 100,602
0,6165950019 100,602
0,6309573445 100,601
0,645654229 100,6
0,660693448 100,6
0,6760829754 100,599
0,6918309709 100,598
0,7079457844 100,598
0,7244359601 100,597
0,7413102413 100,596
0,758577575 100,595
0,7762471166 100,594
0,7943282347 100,593
0,8128305162 100,592
0,8317637711 100,591
0,8511380382 100,59
0,87096359 100,589
0,8912509381 100,588
0,9120108394 100,587
0,9332543008 100,586
0,954992586 100,584
0,977237221 100,583
1 100,581
1,023292992 100,58
1,047128548 100,578
1,071519305 100,576
1,096478196 100,575
1,122018454 100,573
1,148153621 100,571
1,174897555 100,569
1,202264435 100,567
1,230268771 100,565
1,258925412 100,562
1,288249552 100,56
1,318256739 100,557
1,348962883 100,555
1,380384265 100,552
1,412537545 100,549
1,445439771 100,546
1,479108388 100,543
1,513561248 100,539
1,548816619 100,536
1,584893192 100,532
1,621810097 100,528
1,659586907 100,524
1,698243652 100,52
1,737800829 100,516
1,77827941 100,511
1,819700859 100,507
1,862087137 100,502
1,905460718 100,496
1,9498446 100,491
1,995262315 100,485
2,041737945 100,479
2,089296131 100,473
2,13796209 100,466
2,187761624 100,459
2,238721139 100,452
2,290867653 100,445
2,344228815 100,437
2,398832919 100,429
2,454708916 100,42
2,511886432 100,411
2,570395783 100,402
2,630267992 100,392
2,691534804 100,382
2,754228703 100,372
2,818382931 100,36
2,884031503 100,349
2,951209227 100,337
3,01995172 100,324
3,090295433 100,311
3,16227766 100,297
3,235936569 100,283
3,311311215 100,268
3,388441561 100,252
3,467368505 100,236
3,548133892 100,219
3,630780548 100,201
3,715352291 100,182
3,801893963 100,163
3,89045145 100,143
3,981071706 100,122
4,073802778 100,1
4,168693835 100,077
4,265795188 100,053
4,365158322 100,029
4,466835922 100,003
4,570881896 99,9762
4,677351413 99,9484
4,786300923 99,9194
4,897788194 99,8892
5,011872336 99,8579
5,12861384 99,8253
5,248074602 99,7914
5,370317964 99,7562
5,495408739 99,7197
5,623413252 99,6818
5,754399373 99,6424
5,888436554 99,6016
6,025595861 99,5592
6,165950019 99,5153
6,309573445 99,4698
6,45654229 99,4226
6,60693448 99,3738
6,760829754 99,3233
6,918309709 99,2709
7,079457844 99,2168
7,244359601 99,1609
7,413102413 99,1031
7,58577575 99,0433
7,762471166 98,9817
7,943282347 98,918
8,128305162 98,8523
8,317637711 98,7846
8,511380382 98,7148
8,7096359 98,6429
8,912509381 98,5689
9,120108394 98,4927
9,332543008 98,4143
9,54992586 98,3337
9,77237221 98,2509
10 98,1658
10,23292992 98,0785
10,47128548 97,9889
10,71519305 97,897
10,96478196 97,8029
11,22018454 97,7064
11,48153621 97,6077
11,74897555 97,5066
12,02264435 97,4032
12,30268771 97,2976
12,58925412 97,1896
12,88249552 97,0794
13,18256739 96,9669
13,48962883 96,8521
13,80384265 96,7351
14,12537545 96,6159
14,45439771 96,4944
14,79108388 96,3708
15,13561248 96,245
15,48816619 96,1171
15,84893192 95,987
16,21810097 95,8549
16,59586907 95,7207
16,98243652 95,5846
17,37800829 95,4464
17,7827941 95,3063
18,19700859 95,1642
18,62087137 95,0203
19,05460718 94,8746
19,498446 94,727
19,95262315 94,5777
20,41737945 94,4267
20,89296131 94,274
21,3796209 94,1196
21,87761624 93,9636
22,38721139 93,8061
22,90867653 93,6471
23,44228815 93,4865
23,98832919 93,3246
24,54708916 93,1612
25,11886432 92,9965
25,70395783 92,8305
26,30267992 92,6631
26,91534804 92,4946
27,54228703 92,3248
28,18382931 92,1539
28,84031503 91,9819
29,51209227 91,8087
30,1995172 91,6345
30,90295433 91,4593
31,6227766 91,2831
32,35936569 91,106
33,11311215 90,928
33,88441561 90,749
34,67368505 90,5692
35,48133892 90,3886
36,30780548 90,2072
37,15352291 90,025
38,01893963 89,8421
38,9045145 89,6585
39,81071706 89,4743
40,73802778 89,2893
41,68693835 89,1038
42,65795188 88,9176
43,65158322 88,7308
44,66835922 88,5435
45,70881896 88,3557
46,77351413 88,1673
47,86300923 87,9784
48,97788194 87,7891
50,11872336 87,5993
51,2861384 87,4091
52,48074602 87,2184
53,70317964 87,0274
54,95408739 86,836
56,23413252 86,6442
57,54399373 86,452
58,88436554 86,2595
60,25595861 86,0667
61,65950019 85,8736
63,09573445 85,6801
64,5654229 85,4864
66,0693448 85,2924
67,60829754 85,0981
69,18309709 84,9036
70,79457844 84,7089
72,44359601 84,5139
74,13102413 84,3187
75,8577575 84,1233
77,62471166 83,9277
79,43282347 83,7319
81,28305162 83,5359
83,17637711 83,3397
85,11380382 83,1434
87,096359 82,9469
89,12509381 82,7502
91,20108394 82,5534
93,32543008 82,3565
95,4992586 82,1594
97,7237221 81,9622
100 81,7649
102,3292992 81,5674
104,7128548 81,3699
107,1519305 81,1722
109,6478196 80,9744
112,2018454 80,7765
114,8153621 80,5786
117,4897555 80,3805
120,2264435 80,1823
123,0268771 79,9841
125,8925412 79,7858
128,8249552 79,5874
131,8256739 79,389
134,8962883 79,1904
138,0384265 78,9919
141,2537545 78,7932
144,5439771 78,5945
147,9108388 78,3957
151,3561248 78,1969
154,8816619 77,998
158,4893192 77,7991
162,1810097 77,6001
165,9586907 77,4011
169,8243652 77,202
173,7800829 77,0029
177,827941 76,8037
181,9700859 76,6046
186,2087137 76,4053
190,5460718 76,2061
194,98446 76,0068
199,5262315 75,8075
204,1737945 75,6081
208,9296131 75,4087
213,796209 75,2093
218,7761624 75,0099
223,8721139 74,8104
229,0867653 74,6109
234,4228815 74,4114
239,8832919 74,2119
245,4708916 74,0123
251,1886432 73,8128
257,0395783 73,6132
263,0267992 73,4136
269,1534804 73,2139
275,4228703 73,0143
281,8382931 72,8146
288,4031503 72,615
295,1209227 72,4153
301,995172 72,2156
309,0295433 72,0158
316,227766 71,8161
323,5936569 71,6164
331,1311215 71,4166
338,8441561 71,2169
346,7368505 71,0171
354,8133892 70,8173
363,0780548 70,6175
371,5352291 70,4177
380,1893963 70,2179
389,045145 70,0181
398,1071706 69,8182
407,3802778 69,6184
416,8693835 69,4185
426,5795188 69,2187
436,5158322 69,0188
446,6835922 68,819
457,0881896 68,6191
467,7351413 68,4192
478,6300923 68,2193
489,7788194 68,0195
501,1872336 67,8196
512,861384 67,6197
524,8074602 67,4198
537,0317964 67,2199
549,5408739 67,0199
562,3413252 66,82
575,4399373 66,6201
588,8436554 66,4202
602,5595861 66,2203
616,5950019 66,0203
630,9573445 65,8204
645,654229 65,6205
660,693448 65,4205
676,0829754 65,2206
691,8309709 65,0206
707,9457844 64,8207
724,4359601 64,6208
741,3102413 64,4208
758,577575 64,2208
776,2471166 64,0209
794,3282347 63,8209
812,8305162 63,621
831,7637711 63,421
851,1380382 63,2211
870,96359 63,0211
891,2509381 62,8211
912,0108394 62,6212
933,2543008 62,4212
954,992586 62,2212
977,237221 62,0212
1000 61,8213
1023,292992 61,6213
1047,128548 61,4213
1071,519305 61,2213
1096,478196 61,0214
1122,018454 60,8214
1148,153621 60,6214
1174,897555 60,4214
1202,264435 60,2214
1230,268771 60,0215
1258,925412 59,8215
1288,249552 59,6215
1318,256739 59,4215
1348,962883 59,2215
1380,384265 59,0215
1412,537545 58,8216
1445,439771 58,6216
1479,108388 58,4216
1513,561248 58,2216
1548,816619 58,0216
1584,893192 57,8216
1621,810097 57,6216
1659,586907 57,4216
1698,243652 57,2216
1737,800829 57,0217
1778,27941 56,8217
1819,700859 56,6217
1862,087137 56,4217
1905,460718 56,2217
1949,8446 56,0217
1995,262315 55,8217
2041,737945 55,6217
2089,296131 55,4217
2137,96209 55,2217
2187,761624 55,0217
2238,721139 54,8217
2290,867653 54,6217
2344,228815 54,4217
2398,832919 54,2217
2454,708916 54,0217
2511,886432 53,8218
2570,395783 53,6218
2630,267992 53,4218
2691,534804 53,2218
2754,228703 53,0218
2818,382931 52,8218
2884,031503 52,6218
2951,209227 52,4218
3019,95172 52,2218
3090,295433 52,0218
3162,27766 51,8218
3235,936569 51,6218
3311,311215 51,4218
3388,441561 51,2218
3467,368505 51,0218
3548,133892 50,8218
3630,780548 50,6218
3715,352291 50,4218
3801,893963 50,2218
3890,45145 50,0218
3981,071706 49,8218
4073,802778 49,6218
4168,693835 49,4218
4265,795188 49,2218
4365,158322 49,0218
4466,835922 48,8218
4570,881896 48,6218
4677,351413 48,4218
4786,300923 48,2218
4897,788194 48,0218
5011,872336 47,8218
5128,61384 47,6218
5248,074602 47,4218
5370,317964 47,2218
5495,408739 47,0218
5623,413252 46,8218
5754,399373 46,6218
5888,436554 46,4218
6025,595861 46,2218
6165,950019 46,0218
6309,573445 45,8218
6456,54229 45,6218
6606,93448 45,4218
6760,829754 45,2218
6918,309709 45,0218
7079,457844 44,8218
7244,359601 44,6218
7413,102413 44,4218
7585,77575 44,2218
7762,471166 44,0218
7943,282347 43,8218
8128,305162 43,6218
8317,637711 43,4218
8511,380382 43,2218
8709,6359 43,0218
8912,509381 42,8218
9120,108394 42,6218
9332,543008 42,4218
9549,92586 42,2218
9772,37221 42,0218
10000 41,8218
10232,92992 41,6218
10471,28548 41,4218
10715,19305 41,2218
10964,78196 41,0218
11220,18454 40,8218
11481,53621 40,6218
11748,97555 40,4218
12022,64435 40,2218
12302,68771 40,0217
12589,25412 39,8217
12882,49552 39,6217
13182,56739 39,4217
13489,62883 39,2217
13803,84265 39,0217
14125,37545 38,8217
14454,39771 38,6217
14791,08388 38,4217
15135,61248 38,2217
15488,16619 38,0217
15848,93192 37,8217
16218,10097 37,6217
16595,86907 37,4217
16982,43652 37,2217
17378,00829 37,0217
17782,7941 36,8217
18197,00859 36,6216
18620,87137 36,4216
19054,60718 36,2216
19498,446 36,0216
19952,62315 35,8216
20417,37945 35,6216
20892,96131 35,4216
21379,6209 35,2216
21877,61624 35,0216
22387,21139 34,8215
22908,67653 34,6215
23442,28815 34,4215
23988,32919 34,2215
24547,08916 34,0215
25118,86432 33,8215
25703,95783 33,6214
26302,67992 33,4214
26915,34804 33,2214
27542,28703 33,0214
28183,82931 32,8214
28840,31503 32,6213
29512,09227 32,4213
30199,5172 32,2213
30902,95433 32,0213
31622,7766 31,8212
32359,36569 31,6212
33113,11215 31,4212
33884,41561 31,2211
34673,68505 31,0211
35481,33892 30,8211
36307,80548 30,621
37153,52291 30,421
38018,93963 30,221
38904,5145 30,0209
39810,71706 29,8209
40738,02778 29,6208
41686,93835 29,4208
42657,95188 29,2207
43651,58322 29,0207
44668,35922 28,8206
45708,81896 28,6206
46773,51413 28,4205
47863,00923 28,2204
48977,88194 28,0204
50118,72336 27,8203
51286,1384 27,6202
52480,74602 27,4202
53703,17964 27,2201
54954,08739 27,02
56234,13252 26,8199
57543,99373 26,6198
58884,36554 26,4197
60255,95861 26,2196
61659,50019 26,0195
63095,73445 25,8194
64565,4229 25,6193
66069,3448 25,4192
67608,29754 25,219
69183,09709 25,0189
70794,57844 24,8188
72443,59601 24,6186
74131,02413 24,4185
75857,7575 24,2183
77624,71166 24,0181
79432,82347 23,818
81283,05162 23,6178
83176,37711 23,4176
85113,80382 23,2174
87096,359 23,0172
89125,09381 22,817
91201,08394 22,6167
93325,43008 22,4165
95499,2586 22,2163
97723,7221 22,016
100000 21,8157
102329,2992 21,6154
104712,8548 21,4151
107151,9305 21,2148
109647,8196 21,0145
112201,8454 20,8141
114815,3621 20,6138
117489,7555 20,4134
120226,4435 20,213
123026,8771 20,0126
125892,5412 19,8121
128824,9552 19,6117
131825,6739 19,4112
134896,2883 19,2107
138038,4265 19,0102
141253,7545 18,8096
144543,9771 18,609
147910,8388 18,4084
151356,1248 18,2078
154881,6619 18,0072
158489,3192 17,8065
162181,0097 17,6057
165958,6907 17,405
169824,3652 17,2042
173780,0829 17,0034
177827,941 16,8025
181970,0859 16,6016
186208,7137 16,4006
190546,0718 16,1996
194984,46 15,9986
199526,2315 15,7975
204173,7945 15,5964
208929,6131 15,3952
213796,209 15,1939
218776,1624 14,9926
223872,1139 14,7912
229086,7653 14,5898
234422,8815 14,3883
239883,2919 14,1867
245470,8916 13,9851
251188,6432 13,7834
257039,5783 13,5816
263026,7992 13,3797
269153,4804 13,1777
275422,8703 12,9756
281838,2931 12,7735
288403,1503 12,5712
295120,9227 12,3688
301995,172 12,1664
309029,5433 11,9638
316227,766 11,7611
323593,6569 11,5582
331131,1215 11,3553
338844,1561 11,1522
346736,8505 10,9489
354813,3892 10,7455
363078,0548 10,542
371535,2291 10,3383
380189,3963 10,1344
389045,145 9,93033
398107,1706 9,72608
407380,2778 9,52164
416869,3835 9,317
426579,5188 9,11215
436515,8322 8,90708
446683,5922 8,70178
457088,1896 8,49624
467735,1413 8,29044
478630,0923 8,08439
489778,8194 7,87806
501187,2336 7,67146
512861,384 7,46455
524807,4602 7,25734
537031,7964 7,0498
549540,8739 6,84193
562341,3252 6,63372
575439,9373 6,42514
588843,6554 6,21618
602559,5861 6,00683
616595,0019 5,79706
630957,3445 5,58688
645654,229 5,37625
660693,448 5,16516
676082,9754 4,95359
691830,9709 4,74153
707945,7844 4,52895
724435,9601 4,31583
741310,2413 4,10216
758577,575 3,88791
776247,1166 3,67307
794328,2347 3,4576
812830,5162 3,2415
831763,7711 3,02473
851138,0382 2,80727
870963,59 2,5891
891250,9381 2,37019
912010,8394 2,15053
933254,3008 1,93008
954992,586 1,70883
977237,221 1,48674
1000000 1,26378
1023292,992 1,03995
1047128,548 0,815196
1071519,305 0,589508
1096478,196 0,362857
1122018,454 0,135216
1148153,621 -0,0934406
1174897,555 -0,323138
1202264,435 -0,553901
1230268,771 -0,785755
1258925,412 -1,01872
1288249,552 -1,25283
1318256,739 -1,4881
1348962,883 -1,72455
1380384,265 -1,96221
1412537,545 -2,20109
1445439,771 -2,44122
1479108,388 -2,68261
1513561,248 -2,92527
1548816,619 -3,16923
1584893,192 -3,41449
1621810,097 -3,66106
1659586,907 -3,90896
1698243,652 -4,15819
1737800,829 -4,40876
1778279,41 -4,66066
1819700,859 -4,9139
1862087,137 -5,16848
1905460,718 -5,42438
1949844,6 -5,6816
1995262,315 -5,94012
2041737,945 -6,19994
2089296,131 -6,46104
2137962,09 -6,72338
2187761,624 -6,98696
2238721,139 -7,25173
2290867,653 -7,51767
2344228,815 -7,78474
2398832,919 -8,05291
2454708,916 -8,32213
2511886,432 -8,59235
2570395,783 -8,86353
2630267,992 -9,13561
2691534,804 -9,40854
2754228,703 -9,68226
2818382,931 -9,95669
2884031,503 -10,2318
2951209,227 -10,5075
3019951,72 -10,7837
3090295,433 -11,0603
3162277,66 -11,3373
3235936,569 -11,6146
3311311,215 -11,8921
3388441,561 -12,1697
3467368,505 -12,4473
3548133,892 -12,7248
3630780,548 -13,0022
3715352,291 -13,2794
3801893,963 -13,5562
3890451,45 -13,8325
3981071,706 -14,1084
4073802,778 -14,3836
4168693,835 -14,658
4265795,188 -14,9317
4365158,322 -15,2044
4466835,922 -15,476
4570881,896 -15,7466
4677351,413 -16,016
4786300,923 -16,284
4897788,194 -16,5506
5011872,336 -16,8157
5128613,84 -17,0793
5248074,602 -17,3411
5370317,964 -17,6012
5495408,739 -17,8594
5623413,252 -18,1156
5754399,373 -18,3698
5888436,554 -18,6219
6025595,861 -18,8718
6165950,019 -19,1194
6309573,445 -19,3647
6456542,29 -19,6076
6606934,48 -19,848
6760829,754 -20,0858
6918309,709 -20,321
7079457,844 -20,5535
7244359,601 -20,7832
7413102,413 -21,0102
7585775,75 -21,2343
7762471,166 -21,4556
7943282,347 -21,6738
8128305,162 -21,8891
8317637,711 -22,1013
8511380,382 -22,3105
8709635,9 -22,5166
8912509,381 -22,7195
9120108,394 -22,9192
9332543,008 -23,1158
9549925,86 -23,3091
9772372,21 -23,4991
10000000 -23,6859
