0,01 113,005
0,01023292992 113,005
0,01047128548 113,005
0,01071519305 113,005
0,01096478196 113,005
0,01122018454 113,005
0,01148153621 113,004
0,01174897555 113,004
0,01202264435 113,004
0,01230268771 113,004
0,01258925412 113,004
0,01288249552 113,004
0,01318256739 113,004
0,01348962883 113,004
0,01380384265 113,004
0,01412537545 113,004
0,01445439771 113,004
0,01479108388 113,004
0,01513561248 113,004
0,01548816619 113,004
0,01584893192 113,004
0,01621810097 113,004
0,01659586907 113,004
0,01698243652 113,004
0,01737800829 113,004
0,0177827941 113,004
0,01819700859 113,004
0,01862087137 113,004
0,01905460718 113,004
0,019498446 113,004
0,01995262315 113,004
0,02041737945 113,004
0,02089296131 113,004
0,0213796209 113,004
0,02187761624 113,004
0,02238721139 113,004
0,02290867653 113,004
0,02344228815 113,004
0,02398832919 113,004
0,02454708916 113,004
0,02511886432 113,004
0,02570395783 113,004
0,02630267992 113,004
0,02691534804 113,004
0,02754228703 113,004
0,02818382931 113,004
0,02884031503 113,004
0,02951209227 113,004
0,0301995172 113,004
0,03090295433 113,004
0,0316227766 113,004
0,03235936569 113,004
0,03311311215 113,004
0,03388441561 113,003
0,03467368505 113,003
0,03548133892 113,003
0,03630780548 113,003
0,03715352291 113,003
0,03801893963 113,003
0,0389045145 113,003
0,03981071706 113,003
0,04073802778 113,003
0,04168693835 113,003
0,04265795188 113,003
0,04365158322 113,003
0,04466835922 113,003
0,04570881896 113,003
0,04677351413 113,002
0,04786300923 113,002
0,04897788194 113,002
0,05011872336 113,002
0,0512861384 113,002
0,05248074602 113,002
0,05370317964 113,002
0,05495408739 113,002
0,05623413252 113,001
0,05754399373 113,001
0,05888436554 113,001
0,06025595861 113,001
0,06165950019 113,001
0,06309573445 113,001
0,0645654229 113
0,0660693448 113
0,06760829754 113
0,06918309709 113
0,07079457844 113
0,07244359601 112,999
0,07413102413 112,999
0,0758577575 112,999
0,07762471166 112,998
0,07943282347 112,998
0,08128305162 112,998
0,08317637711 112,998
0,08511380382 112,997
0,087096359 112,997
0,08912509381 112,997
0,09120108394 112,996
0,09332543008 112,996
0,0954992586 112,995
0,0977237221 112,995
0,1 112,994
0,1023292992 112,994
0,1047128548 112,993
0,1071519305 112,993
0,1096478196 112,992
0,1122018454 112,992
0,1148153621 112,991
0,1174897555 112,991
0,1202264435 112,99
0,1230268771 112,989
0,1258925412 112,989
0,1288249552 112,988
0,1318256739 112,987
0,1348962883 112,986
0,1380384265 112,985
0,1412537545 112,984
0,1445439771 112,983
0,1479108388 112,982
0,1513561248 112,981
0,1548816619 112,98
0,1584893192 112,979
0,1621810097 112,978
0,1659586907 112,977
0,1698243652 112,975
0,1737800829 112,974
0,177827941 112,973
0,1819700859 112,971
0,1862087137 112,969
0,1905460718 112,968
0,19498446 112,966
0,1995262315 112,964
0,2041737945 112,962
0,2089296131 112,96
0,213796209 112,958
0,2187761624 112,956
0,2238721139 112,954
0,2290867653 112,951
0,2344228815 112,949
0,2398832919 112,946
0,2454708916 112,944
0,2511886432 112,941
0,2570395783 112,938
0,2630267992 112,935
0,2691534804 112,931
0,2754228703 112,928
0,2818382931 112,924
0,2884031503 112,921
0,2951209227 112,917
0,301995172 112,913
0,3090295433 112,908
0,316227766 112,904
0,3235936569 112,899
0,3311311215 112,894
0,3388441561 112,889
0,3467368505 112,884
0,3548133892 112,878
0,3630780548 112,872
0,3715352291 112,866
0,3801893963 112,86
0,389045145 112,853
0,3981071706 112,846
0,4073802778 112,839
0,4168693835 112,831
0,4265795188 112,823
0,4365158322 112,815
0,4466835922 112,806
0,4570881896 112,797
0,4677351413 112,787
0,4786300923 112,777
0,4897788194 112,767
0,5011872336 112,756
0,512861384 112,745
0,5248074602 112,733
0,5370317964 112,72
0,5495408739 112,707
0,5623413252 112,694
0,5754399373 112,68
0,5888436554 112,665
0,6025595861 112,65
0,6165950019 112,633
0,6309573445 112,617
0,645654229 112,599
0,660693448 112,581
0,6760829754 112,562
0,6918309709 112,542
0,7079457844 112,522
0,7244359601 112,5
0,7413102413 112,478
0,758577575 112,455
0,7762471166 112,43
0,7943282347 112,405
0,8128305162 112,379
0,8317637711 112,351
0,8511380382 112,323
0,87096359 112,293
0,8912509381 112,262
0,9120108394 112,23
0,9332543008 112,197
0,954992586 112,162
0,977237221 112,126
1 112,089
1,023292992 112,05
1,047128548 112,01
1,071519305 111,968
1,096478196 111,925
1,122018454 111,88
1,148153621 111,834
1,174897555 111,786
1,202264435 111,736
1,230268771 111,685
1,258925412 111,631
1,288249552 111,576
1,318256739 111,519
1,348962883 111,46
1,380384265 111,399
1,412537545 111,337
1,445439771 111,272
1,479108388 111,205
1,513561248 111,136
1,548816619 111,065
1,584893192 110,992
1,621810097 110,917
1,659586907 110,839
1,698243652 110,76
1,737800829 110,678
1,77827941 110,594
1,819700859 110,508
1,862087137 110,419
1,905460718 110,328
1,9498446 110,235
1,995262315 110,139
2,041737945 110,042
2,089296131 109,942
2,13796209 109,839
2,187761624 109,735
2,238721139 109,628
2,290867653 109,518
2,344228815 109,407
2,398832919 109,293
2,454708916 109,177
2,511886432 109,059
2,570395783 108,938
2,630267992 108,816
2,691534804 108,691
2,754228703 108,564
2,818382931 108,435
2,884031503 108,304
2,951209227 108,17
3,01995172 108,035
3,090295433 107,898
3,16227766 107,758
3,235936569 107,617
3,311311215 107,474
3,388441561 107,329
3,467368505 107,182
3,548133892 107,034
3,630780548 106,884
3,715352291 106,732
3,801893963 106,578
3,89045145 106,423
3,981071706 106,266
4,073802778 106,107
4,168693835 105,948
4,265795188 105,786
4,365158322 105,623
4,466835922 105,459
4,570881896 105,294
4,677351413 105,127
4,786300923 104,959
4,897788194 104,79
5,011872336 104,619
5,12861384 104,448
5,248074602 104,275
5,370317964 104,101
5,495408739 103,927
5,623413252 103,751
5,754399373 103,574
5,888436554 103,397
6,025595861 103,218
6,165950019 103,039
6,309573445 102,858
6,45654229 102,677
6,60693448 102,495
6,760829754 102,313
6,918309709 102,13
7,079457844 101,946
7,244359601 101,761
7,413102413 101,576
7,58577575 101,39
7,762471166 101,203
7,943282347 101,016
8,128305162 100,829
8,317637711 100,64
8,511380382 100,452
8,7096359 100,263
8,912509381 100,073
9,120108394 99,883
9,332543008 99,6925
9,54992586 99,5016
9,77237221 99,3104
10 99,1187
10,23292992 98,9267
10,47128548 98,7344
10,71519305 98,5417
10,96478196 98,3487
11,22018454 98,1554
11,48153621 97,9618
11,74897555 97,7679
12,02264435 97,5738
12,30268771 97,3794
12,58925412 97,1847
12,88249552 96,9898
13,18256739 96,7947
13,48962883 96,5994
13,80384265 96,4039
14,12537545 96,2082
14,45439771 96,0123
14,79108388 95,8162
15,13561248 95,6199
15,48816619 95,4235
15,84893192 95,2269
16,21810097 95,0301
16,59586907 94,8333
16,98243652 94,6362
17,37800829 94,4391
17,7827941 94,2418
18,19700859 94,0444
18,62087137 93,8469
19,05460718 93,6493
19,498446 93,4515
19,95262315 93,2537
20,41737945 93,0558
20,89296131 92,8578
21,3796209 92,6596
21,87761624 92,4615
22,38721139 92,2632
22,90867653 92,0648
23,44228815 91,8664
23,98832919 91,6679
24,54708916 91,4693
25,11886432 91,2707
25,70395783 91,072
26,30267992 90,8733
26,91534804 90,6745
27,54228703 90,4756
28,18382931 90,2767
28,84031503 90,0778
29,51209227 89,8787
30,1995172 89,6797
30,90295433 89,4806
31,6227766 89,2815
32,35936569 89,0823
33,11311215 88,8831
33,88441561 88,6839
34,67368505 88,4846
35,48133892 88,2853
36,30780548 88,0859
37,15352291 87,8866
38,01893963 87,6872
38,9045145 87,4877
39,81071706 87,2883
40,73802778 87,0888
41,68693835 86,8893
42,65795188 86,6898
43,65158322 86,4902
44,66835922 86,2907
45,70881896 86,0911
46,77351413 85,8915
47,86300923 85,6919
48,97788194 85,4922
50,11872336 85,2926
51,2861384 85,0929
52,48074602 84,8932
53,70317964 84,6935
54,95408739 84,4938
56,23413252 84,2941
57,54399373 84,0944
58,88436554 83,8946
60,25595861 83,6949
61,65950019 83,4951
63,09573445 83,2953
64,5654229 83,0955
66,0693448 82,8957
67,60829754 82,6959
69,18309709 82,4961
70,79457844 82,2963
72,44359601 82,0964
74,13102413 81,8966
75,8577575 81,6967
77,62471166 81,4969
79,43282347 81,297
81,28305162 81,0971
83,17637711 80,8973
85,11380382 80,6974
87,096359 80,4975
89,12509381 80,2976
91,20108394 80,0977
93,32543008 79,8978
95,4992586 79,6979
97,7237221 79,498
100 79,2981
102,3292992 79,0982
104,7128548 78,8983
107,1519305 78,6983
109,6478196 78,4984
112,2018454 78,2985
114,8153621 78,0985
117,4897555 77,8986
120,2264435 77,6987
123,0268771 77,4987
125,8925412 77,2988
128,8249552 77,0988
131,8256739 76,8989
134,8962883 76,6989
138,0384265 76,499
141,2537545 76,299
144,5439771 76,0991
147,9108388 75,8991
151,3561248 75,6991
154,8816619 75,4992
158,4893192 75,2992
162,1810097 75,0992
165,9586907 74,8993
169,8243652 74,6993
173,7800829 74,4993
177,827941 74,2994
181,9700859 74,0994
186,2087137 73,8994
190,5460718 73,6994
194,98446 73,4995
199,5262315 73,2995
204,1737945 73,0995
208,9296131 72,8995
213,796209 72,6995
218,7761624 72,4996
223,8721139 72,2996
229,0867653 72,0996
234,4228815 71,8996
239,8832919 71,6996
245,4708916 71,4996
251,1886432 71,2997
257,0395783 71,0997
263,0267992 70,8997
269,1534804 70,6997
275,4228703 70,4997
281,8382931 70,2997
288,4031503 70,0997
295,1209227 69,8997
301,995172 69,6997
309,0295433 69,4998
316,227766 69,2998
323,5936569 69,0998
331,1311215 68,8998
338,8441561 68,6998
346,7368505 68,4998
354,8133892 68,2998
363,0780548 68,0998
371,5352291 67,8998
380,1893963 67,6998
389,045145 67,4998
398,1071706 67,2998
407,3802778 67,0998
416,8693835 66,8998
426,5795188 66,6998
436,5158322 66,4998
446,6835922 66,2999
457,0881896 66,0999
467,7351413 65,8999
478,6300923 65,6999
489,7788194 65,4999
501,1872336 65,2999
512,861384 65,0999
524,8074602 64,8999
537,0317964 64,6999
549,5408739 64,4999
562,3413252 64,2999
575,4399373 64,0999
588,8436554 63,8999
602,5595861 63,6999
616,5950019 63,4999
630,9573445 63,2999
645,654229 63,0999
660,693448 62,8999
676,0829754 62,6999
691,8309709 62,4999
707,9457844 62,2999
724,4359601 62,0999
741,3102413 61,8999
758,577575 61,6999
776,2471166 61,4999
794,3282347 61,2999
812,8305162 61,0999
831,7637711 60,8999
851,1380382 60,6999
870,96359 60,4999
891,2509381 60,2999
912,0108394 60,0999
933,2543008 59,8999
954,992586 59,6999
977,237221 59,4999
1000 59,2999
1023,292992 59,0999
1047,128548 58,8999
1071,519305 58,6999
1096,478196 58,4999
1122,018454 58,2999
1148,153621 58,0999
1174,897555 57,8999
1202,264435 57,6999
1230,268771 57,4999
1258,925412 57,2999
1288,249552 57,0999
1318,256739 56,8999
1348,962883 56,6999
1380,384265 56,4999
1412,537545 56,2999
1445,439771 56,0999
1479,108388 55,8999
1513,561248 55,6999
1548,816619 55,4999
1584,893192 55,2999
1621,810097 55,0999
1659,586907 54,8999
1698,243652 54,6999
1737,800829 54,4999
1778,27941 54,2999
1819,700859 54,1
1862,087137 53,9
1905,460718 53,7
1949,8446 53,5
1995,262315 53,3
2041,737945 53,1
2089,296131 52,9
2137,96209 52,7
2187,761624 52,5
2238,721139 52,3
2290,867653 52,1
2344,228815 51,9
2398,832919 51,7
2454,708916 51,5
2511,886432 51,3
2570,395783 51,1
2630,267992 50,9
2691,534804 50,7
2754,228703 50,5
2818,382931 50,3
2884,031503 50,1
2951,209227 49,9
3019,95172 49,7
3090,295433 49,5
3162,27766 49,3
3235,936569 49,1
3311,311215 48,9
3388,441561 48,7
3467,368505 48,5
3548,133892 48,3
3630,780548 48,1
3715,352291 47,9
3801,893963 47,7
3890,45145 47,5
3981,071706 47,3
4073,802778 47,1
4168,693835 46,9
4265,795188 46,7
4365,158322 46,5
4466,835922 46,3
4570,881896 46,1
4677,351413 45,9
4786,300923 45,7
4897,788194 45,5
5011,872336 45,3
5128,61384 45,1
5248,074602 44,9
5370,317964 44,7
5495,408739 44,5
5623,413252 44,3001
5754,399373 44,1001
5888,436554 43,9001
6025,595861 43,7001
6165,950019 43,5001
6309,573445 43,3001
6456,54229 43,1001
6606,93448 42,9001
6760,829754 42,7001
6918,309709 42,5001
7079,457844 42,3001
7244,359601 42,1001
7413,102413 41,9001
7585,77575 41,7001
7762,471166 41,5002
7943,282347 41,3002
8128,305162 41,1002
8317,637711 40,9002
8511,380382 40,7002
8709,6359 40,5002
8912,509381 40,3002
9120,108394 40,1002
9332,543008 39,9002
9549,92586 39,7003
9772,37221 39,5003
10000 39,3003
10232,92992 39,1003
10471,28548 38,9003
10715,19305 38,7003
10964,78196 38,5004
11220,18454 38,3004
11481,53621 38,1004
11748,97555 37,9004
12022,64435 37,7004
12302,68771 37,5005
12589,25412 37,3005
12882,49552 37,1005
13182,56739 36,9005
13489,62883 36,7006
13803,84265 36,5006
14125,37545 36,3006
14454,39771 36,1007
14791,08388 35,9007
15135,61248 35,7007
15488,16619 35,5008
15848,93192 35,3008
16218,10097 35,1009
16595,86907 34,9009
16982,43652 34,7009
17378,00829 34,501
17782,7941 34,301
18197,00859 34,1011
18620,87137 33,9011
19054,60718 33,7012
19498,446 33,5013
19952,62315 33,3013
20417,37945 33,1014
20892,96131 32,9015
21379,6209 32,7015
21877,61624 32,5016
22387,21139 32,3017
22908,67653 32,1018
23442,28815 31,9018
23988,32919 31,7019
24547,08916 31,502
25118,86432 31,3021
25703,95783 31,1022
26302,67992 30,9023
26915,34804 30,7024
27542,28703 30,5026
28183,82931 30,3027
28840,31503 30,1028
29512,09227 29,903
30199,5172 29,7031
30902,95433 29,5032
31622,7766 29,3034
32359,36569 29,1036
33113,11215 28,9037
33884,41561 28,7039
34673,68505 28,5041
35481,33892 28,3043
36307,80548 28,1045
37153,52291 27,9047
38018,93963 27,7049
38904,5145 27,5052
39810,71706 27,3054
40738,02778 27,1057
41686,93835 26,9059
42657,95188 26,7062
43651,58322 26,5065
44668,35922 26,3068
45708,81896 26,1072
46773,51413 25,9075
47863,00923 25,7079
48977,88194 25,5082
50118,72336 25,3086
51286,1384 25,109
52480,74602 24,9094
53703,17964 24,7099
54954,08739 24,5104
56234,13252 24,3109
57543,99373 24,1114
58884,36554 23,9119
60255,95861 23,7125
61659,50019 23,5131
63095,73445 23,3137
64565,4229 23,1143
66069,3448 22,915
67608,29754 22,7157
69183,09709 22,5164
70794,57844 22,3172
72443,59601 22,118
74131,02413 21,9189
75857,7575 21,7198
77624,71166 21,5207
79432,82347 21,3217
81283,05162 21,1227
83176,37711 20,9238
85113,80382 20,7249
87096,359 20,5261
89125,09381 20,3273
91201,08394 20,1286
93325,43008 19,9299
95499,2586 19,7313
97723,7221 19,5328
100000 19,3343
102329,2992 19,1359
104712,8548 18,9376
107151,9305 18,7394
109647,8196 18,5412
112201,8454 18,3432
114815,3621 18,1452
117489,7555 17,9473
120226,4435 17,7495
123026,8771 17,5519
125892,5412 17,3543
128824,9552 17,1568
131825,6739 16,9595
134896,2883 16,7623
138038,4265 16,5652
141253,7545 16,3682
144543,9771 16,1714
147910,8388 15,9747
151356,1248 15,7782
154881,6619 15,5819
158489,3192 15,3857
162181,0097 15,1897
165958,6907 14,9938
169824,3652 14,7982
173780,0829 14,6028
177827,941 14,4075
181970,0859 14,2125
186208,7137 14,0177
190546,0718 13,8232
194984,46 13,6289
199526,2315 13,4349
204173,7945 13,2411
208929,6131 13,0476
213796,209 12,8544
218776,1624 12,6615
223872,1139 12,469
229086,7653 12,2767
234422,8815 12,0848
239883,2919 11,8933
245470,8916 11,7022
251188,6432 11,5114
257039,5783 11,3211
263026,7992 11,1311
269153,4804 10,9417
275422,8703 10,7526
281838,2931 10,5641
288403,1503 10,3761
295120,9227 10,1885
301995,172 10,0016
309029,5433 9,81515
316227,766 9,62932
323593,6569 9,44409
331131,1215 9,25948
338844,1561 9,07553
346736,8505 8,89226
354813,3892 8,70968
363078,0548 8,52783
371535,2291 8,34673
380189,3963 8,16641
389045,145 7,9869
398107,1706 7,80822
407380,2778 7,6304
416869,3835 7,45347
426579,5188 7,27746
436515,8322 7,1024
446683,5922 6,92832
457088,1896 6,75524
467735,1413 6,58321
478630,0923 6,41224
489778,8194 6,24238
501187,2336 6,07364
512861,384 5,90607
524807,4602 5,73968
537031,7964 5,57452
549540,8739 5,41061
562341,3252 5,24799
575439,9373 5,08667
588843,6554 4,92669
602559,5861 4,76809
616595,0019 4,61087
630957,3445 4,45508
645654,229 4,30073
660693,448 4,14786
676082,9754 3,99648
691830,9709 3,84661
707945,7844 3,69827
724435,9601 3,55149
741310,2413 3,40627
758577,575 3,26264
776247,1166 3,1206
794328,2347 2,98017
812830,5162 2,84134
831763,7711 2,70414
851138,0382 2,56855
870963,59 2,43458
891250,9381 2,30223
912010,8394 2,17149
933254,3008 2,04235
954992,586 1,9148
977237,221 1,78883
1000000 1,66441
1023292,992 1,54153
1047128,548 1,42016
1071519,305 1,30028
1096478,196 1,18185
1122018,454 1,06484
1148153,621 0,949204
1174897,555 0,834914
1202264,435 0,72192
1230268,771 0,610177
1258925,412 0,499634
1288249,552 0,390239
1318256,739 0,281936
1348962,883 0,174666
1380384,265 0,0683695
1412537,545 -0,037018
1445439,771 -0,141562
1479108,388 -0,24533
1513561,248 -0,348393
1548816,619 -0,450821
1584893,192 -0,552689
1621810,097 -0,654071
1659586,907 -0,755044
1698243,652 -0,855685
1737800,829 -0,956071
1778279,41 -1,05628
1819700,859 -1,1564
1862087,137 -1,2565
1905460,718 -1,35666
1949844,6 -1,45697
1995262,315 -1,5575
2041737,945 -1,65833
2089296,131 -1,75954
2137962,09 -1,8612
2187761,624 -1,9634
2238721,139 -2,0662
2290867,653 -2,16968
2344228,815 -2,27391
2398832,919 -2,37896
2454708,916 -2,48489
2511886,432 -2,59178
2570395,783 -2,69968
2630267,992 -2,80865
2691534,804 -2,91875
2754228,703 -3,03004
2818382,931 -3,14256
2884031,503 -3,25637
2951209,227 -3,37151
3019951,72 -3,48802
3090295,433 -3,60595
3162277,66 -3,72533
3235936,569 -3,84619
3311311,215 -3,96856
3388441,561 -4,09247
3467368,505 -4,21795
3548133,892 -4,34501
3630780,548 -4,47366
3715352,291 -4,60394
3801893,963 -4,73583
3890451,45 -4,86936
3981071,706 -5,00453
4073802,778 -5,14134
4168693,835 -5,27979
4265795,188 -5,41988
4365158,322 -5,5616
4466835,922 -5,70495
4570881,896 -5,84991
4677351,413 -5,99647
4786300,923 -6,14462
4897788,194 -6,29434
5011872,336 -6,44562
5128613,84 -6,59844
5248074,602 -6,75277
5370317,964 -6,9086
5495408,739 -7,0659
5623413,252 -7,22464
5754399,373 -7,38481
5888436,554 -7,54638
6025595,861 -7,70931
6165950,019 -7,87359
6309573,445 -8,03918
6456542,29 -8,20607
6606934,48 -8,37421
6760829,754 -8,54359
6918309,709 -8,71417
7079457,844 -8,88592
7244359,601 -9,05883
7413102,413 -9,23286
7585775,75 -9,40798
7762471,166 -9,58417
7943282,347 -9,7614
8128305,162 -9,93964
8317637,711 -10,1189
8511380,382 -10,2991
8709635,9 -10,4802
8912509,381 -10,6623
9120108,394 -10,8452
9332543,008 -11,029
9549925,86 -11,2137
9772372,21 -11,3992
10000000 -11,5855
10232929,92 -11,7726
10471285,48 -11,9604
10715193,05 -12,149
10964781,96 -12,3384
11220184,54 -12,5285
11481536,21 -12,7193
11748975,55 -12,9107
12022644,35 -13,1029
12302687,71 -13,2957
12589254,12 -13,4892
12882495,52 -13,6834
13182567,39 -13,8782
13489628,83 -14,0736
13803842,65 -14,2696
14125375,45 -14,4663
14454397,71 -14,6636
14791083,88 -14,8615
15135612,48 -15,06
15488166,19 -15,2591
15848931,92 -15,4588
16218100,97 -15,6592
16595869,07 -15,8601
16982436,52 -16,0617
17378008,29 -16,2639
17782794,1 -16,4667
18197008,59 -16,6701
18620871,37 -16,8741
19054607,18 -17,0788
19498446 -17,2842
19952623,15 -17,4902
20417379,45 -17,6969
20892961,31 -17,9043
21379620,9 -18,1123
21877616,24 -18,3211
22387211,39 -18,5307
22908676,53 -18,7409
23442288,15 -18,952
23988329,19 -19,1638
24547089,16 -19,3764
25118864,32 -19,5899
25703957,83 -19,8042
26302679,92 -20,0194
26915348,04 -20,2356
27542287,03 -20,4526
28183829,31 -20,6706
28840315,03 -20,8897
29512092,27 -21,1097
30199517,2 -21,3308
30902954,33 -21,553
31622776,6 -21,7764
32359365,69 -22,0009
33113112,15 -22,2266
33884415,61 -22,4536
34673685,05 -22,6819
35481338,92 -22,9116
36307805,48 -23,1426
37153522,91 -23,3751
38018939,63 -23,609
38904514,5 -23,8445
39810717,06 -24,0816
40738027,78 -24,3204
41686938,35 -24,5608
42657951,88 -24,803
43651583,22 -25,047
44668359,22 -25,2929
45708818,96 -25,5407
46773514,13 -25,7906
47863009,23 -26,0425
48977881,94 -26,2965
50118723,36 -26,5527
51286138,4 -26,8112
52480746,02 -27,072
53703179,64 -27,3352
54954087,39 -27,6009
56234132,52 -27,8691
57543993,73 -28,1399
58884365,54 -28,4135
60255958,61 -28,6897
61659500,19 -28,9688
63095734,45 -29,2508
64565422,9 -29,5358
66069344,8 -29,8238
67608297,54 -30,115
69183097,09 -30,4093
70794578,44 -30,7069
72443596,01 -31,0079
74131024,13 -31,3122
75857757,5 -31,62
77624711,66 -31,9313
79432823,47 -32,2463
81283051,62 -32,5649
83176377,11 -32,8872
85113803,82 -33,2134
87096359 -33,5433
89125093,81 -33,8772
91201083,94 -34,215
93325430,08 -34,5569
95499258,6 -34,9028
97723722,1 -35,2528
100000000 -35,6069
102329299,2 -35,9652
104712854,8 -36,3278
107151930,5 -36,6946
109647819,6 -37,0656
112201845,4 -37,441
114815362,1 -37,8207
117489755,5 -38,2047
120226443,5 -38,5931
123026877,1 -38,9859
125892541,2 -39,383
128824955,2 -39,7845
131825673,9 -40,1904
134896288,3 -40,6006
138038426,5 -41,0152
141253754,5 -41,4341
144543977,1 -41,8574
147910838,8 -42,285
151356124,8 -42,7168
154881661,9 -43,1529
158489319,2 -43,5933
162181009,7 -44,0378
165958690,7 -44,4864
169824365,2 -44,9392
173780082,9 -45,396
177827941 -45,8569
181970085,9 -46,3217
186208713,7 -46,7904
190546071,8 -47,263
194984460 -47,7393
199526231,5 -48,2194
204173794,5 -48,7032
208929613,1 -49,1906
213796209 -49,6815
218776162,4 -50,1759
223872113,9 -50,6737
229086765,3 -51,1748
234422881,5 -51,6792
239883291,9 -52,1868
245470891,6 -52,6975
251188643,2 -53,2113
257039578,3 -53,728
263026799,2 -54,2477
269153480,4 -54,7702
275422870,3 -55,2954
281838293,1 -55,8233
288403150,3 -56,3538
295120922,7 -56,8868
301995172 -57,4223
309029543,3 -57,9602
316227766 -58,5004
323593656,9 -59,0429
331131121,5 -59,5875
338844156,1 -60,1343
346736850,5 -60,6831
354813389,2 -61,2339
363078054,8 -61,7866
371535229,1 -62,3411
380189396,3 -62,8974
389045145 -63,4555
398107170,6 -64,0152
407380277,8 -64,5766
416869383,5 -65,1394
426579518,8 -65,7038
436515832,2 -66,2697
446683592,2 -66,8369
457088189,6 -67,4055
467735141,3 -67,9753
478630092,3 -68,5464
489778819,4 -69,1187
501187233,6 -69,6922
512861384 -70,2667
524807460,2 -70,8423
537031796,4 -71,419
549540873,9 -71,9966
562341325,2 -72,5751
575439937,3 -73,1546
588843655,4 -73,735
602559586,1 -74,3161
616595001,9 -74,8981
630957344,5 -75,4809
645654229 -76,0644
660693448 -76,6486
676082975,4 -77,2334
691830970,9 -77,819
707945784,4 -78,4051
724435960,1 -78,9919
741310241,3 -79,5792
758577575 -80,1671
776247116,6 -80,7555
794328234,7 -81,3444
812830516,2 -81,9338
831763771,1 -82,5236
851138038,2 -83,1139
870963590 -83,7047
891250938,1 -84,2958
912010839,4 -84,8873
933254300,8 -85,4792
954992586 -86,0715
977237221 -86,6641
1000000000 -87,257
