0,01 118,041
0,01023292992 118,041
0,01047128548 118,041
0,01071519305 118,04
0,01096478196 118,04
0,01122018454 118,04
0,01148153621 118,04
0,01174897555 118,039
0,01202264435 118,039
0,01230268771 118,039
0,01258925412 118,038
0,01288249552 118,038
0,01318256739 118,037
0,01348962883 118,037
0,01380384265 118,037
0,01412537545 118,036
0,01445439771 118,036
0,01479108388 118,035
0,01513561248 118,035
0,01548816619 118,034
0,01584893192 118,033
0,01621810097 118,033
0,01659586907 118,032
0,01698243652 118,032
0,01737800829 118,031
0,0177827941 118,03
0,01819700859 118,029
0,01862087137 118,029
0,01905460718 118,028
0,019498446 118,027
0,01995262315 118,026
0,02041737945 118,025
0,02089296131 118,024
0,0213796209 118,023
0,02187761624 118,022
0,02238721139 118,021
0,02290867653 118,019
0,02344228815 118,018
0,02398832919 118,017
0,02454708916 118,015
0,02511886432 118,014
0,02570395783 118,013
0,02630267992 118,011
0,02691534804 118,009
0,02754228703 118,008
0,02818382931 118,006
0,02884031503 118,004
0,02951209227 118,002
0,0301995172 118
0,03090295433 117,998
0,0316227766 117,995
0,03235936569 117,993
0,03311311215 117,99
0,03388441561 117,988
0,03467368505 117,985
0,03548133892 117,982
0,03630780548 117,979
0,03715352291 117,976
0,03801893963 117,973
0,0389045145 117,969
0,03981071706 117,966
0,04073802778 117,962
0,04168693835 117,958
0,04265795188 117,954
0,04365158322 117,95
0,04466835922 117,945
0,04570881896 117,94
0,04677351413 117,935
0,04786300923 117,93
0,04897788194 117,925
0,05011872336 117,919
0,0512861384 117,913
0,05248074602 117,907
0,05370317964 117,901
0,05495408739 117,894
0,05623413252 117,887
0,05754399373 117,88
0,05888436554 117,872
0,06025595861 117,864
0,06165950019 117,855
0,06309573445 117,847
0,0645654229 117,837
0,0660693448 117,828
0,06760829754 117,818
0,06918309709 117,807
0,07079457844 117,796
0,07244359601 117,785
0,07413102413 117,773
0,0758577575 117,761
0,07762471166 117,748
0,07943282347 117,734
0,08128305162 117,72
0,08317637711 117,705
0,08511380382 117,69
0,087096359 117,673
0,08912509381 117,657
0,09120108394 117,639
0,09332543008 117,621
0,0954992586 117,602
0,0977237221 117,582
0,1 117,561
0,1023292992 117,54
0,1047128548 117,517
0,1071519305 117,494
0,1096478196 117,469
0,1122018454 117,444
0,1148153621 117,418
0,1174897555 117,39
0,1202264435 117,361
0,1230268771 117,332
0,1258925412 117,301
0,1288249552 117,269
0,1318256739 117,235
0,1348962883 117,2
0,1380384265 117,164
0,1412537545 117,127
0,1445439771 117,088
0,1479108388 117,048
0,1513561248 117,006
0,1548816619 116,962
0,1584893192 116,917
0,1621810097 116,871
0,1659586907 116,823
0,1698243652 116,773
0,1737800829 116,721
0,177827941 116,667
0,1819700859 116,612
0,1862087137 116,555
0,1905460718 116,496
0,19498446 116,435
0,1995262315 116,372
0,2041737945 116,307
0,2089296131 116,24
0,213796209 116,171
0,2187761624 116,099
0,2238721139 116,026
0,2290867653 115,951
0,2344228815 115,873
0,2398832919 115,793
0,2454708916 115,711
0,2511886432 115,627
0,2570395783 115,54
0,2630267992 115,451
0,2691534804 115,36
0,2754228703 115,267
0,2818382931 115,171
0,2884031503 115,073
0,2951209227 114,973
0,301995172 114,87
0,3090295433 114,765
0,316227766 114,658
0,3235936569 114,549
0,3311311215 114,437
0,3388441561 114,323
0,3467368505 114,207
0,3548133892 114,088
0,3630780548 113,968
0,3715352291 113,845
0,3801893963 113,72
0,389045145 113,592
0,3981071706 113,463
0,4073802778 113,332
0,4168693835 113,198
0,4265795188 113,063
0,4365158322 112,925
0,4466835922 112,786
0,4570881896 112,644
0,4677351413 112,501
0,4786300923 112,356
0,4897788194 112,209
0,5011872336 112,06
0,512861384 111,91
0,5248074602 111,758
0,5370317964 111,604
0,5495408739 111,448
0,5623413252 111,291
0,5754399373 111,133
0,5888436554 110,973
0,6025595861 110,811
0,6165950019 110,648
0,6309573445 110,484
0,645654229 110,318
0,660693448 110,152
0,6760829754 109,983
0,6918309709 109,814
0,7079457844 109,644
0,7244359601 109,472
0,7413102413 109,299
0,758577575 109,125
0,7762471166 108,95
0,7943282347 108,774
0,8128305162 108,598
0,8317637711 108,42
0,8511380382 108,241
0,87096359 108,062
0,8912509381 107,881
0,9120108394 107,7
0,9332543008 107,518
0,954992586 107,336
0,977237221 107,152
1 106,968
1,023292992 106,784
1,047128548 106,598
1,071519305 106,412
1,096478196 106,226
1,122018454 106,039
1,148153621 105,851
1,174897555 105,663
1,202264435 105,474
1,230268771 105,285
1,258925412 105,095
1,288249552 104,905
1,318256739 104,715
1,348962883 104,524
1,380384265 104,332
1,412537545 104,141
1,445439771 103,949
1,479108388 103,756
1,513561248 103,564
1,548816619 103,371
1,584893192 103,177
1,621810097 102,984
1,659586907 102,79
1,698243652 102,595
1,737800829 102,401
1,77827941 102,206
1,819700859 102,011
1,862087137 101,816
1,905460718 101,621
1,9498446 101,425
1,995262315 101,23
2,041737945 101,034
2,089296131 100,838
2,13796209 100,641
2,187761624 100,445
2,238721139 100,248
2,290867653 100,052
2,344228815 99,8547
2,398832919 99,6577
2,454708916 99,4605
2,511886432 99,2632
2,570395783 99,0658
2,630267992 98,8683
2,691534804 98,6706
2,754228703 98,4729
2,818382931 98,275
2,884031503 98,0771
2,951209227 97,8791
3,01995172 97,681
3,090295433 97,4828
3,16227766 97,2845
3,235936569 97,0861
3,311311215 96,8877
3,388441561 96,6892
3,467368505 96,4906
3,548133892 96,292
3,630780548 96,0933
3,715352291 95,8945
3,801893963 95,6957
3,89045145 95,4969
3,981071706 95,2979
4,073802778 95,099
4,168693835 94,9
4,265795188 94,7009
4,365158322 94,5018
4,466835922 94,3027
4,570881896 94,1035
4,677351413 93,9043
4,786300923 93,7051
4,897788194 93,5058
5,011872336 93,3065
5,12861384 93,1071
5,248074602 92,9077
5,370317964 92,7083
5,495408739 92,5089
5,623413252 92,3095
5,754399373 92,11
5,888436554 91,9105
6,025595861 91,711
6,165950019 91,5114
6,309573445 91,3118
6,45654229 91,1123
6,60693448 90,9127
6,760829754 90,713
6,918309709 90,5134
7,079457844 90,3137
7,244359601 90,1141
7,413102413 89,9144
7,58577575 89,7147
7,762471166 89,515
7,943282347 89,3152
8,128305162 89,1155
8,317637711 88,9158
8,511380382 88,716
8,7096359 88,5162
8,912509381 88,3164
9,120108394 88,1167
9,332543008 87,9169
9,54992586 87,717
9,77237221 87,5172
10 87,3174
10,23292992 87,1176
10,47128548 86,9177
10,71519305 86,7179
10,96478196 86,518
11,22018454 86,3182
11,48153621 86,1183
11,74897555 85,9184
12,02264435 85,7185
12,30268771 85,5186
12,58925412 85,3188
12,88249552 85,1189
13,18256739 84,919
13,48962883 84,7191
13,80384265 84,5191
14,12537545 84,3192
14,45439771 84,1193
14,79108388 83,9194
15,13561248 83,7195
15,48816619 83,5195
15,84893192 83,3196
16,21810097 83,1197
16,59586907 82,9197
16,98243652 82,7198
17,37800829 82,5199
17,7827941 82,3199
18,19700859 82,12
18,62087137 81,92
19,05460718 81,7201
19,498446 81,5201
19,95262315 81,3201
20,41737945 81,1202
20,89296131 80,9202
21,3796209 80,7203
21,87761624 80,5203
22,38721139 80,3203
22,90867653 80,1204
23,44228815 79,9204
23,98832919 79,7204
24,54708916 79,5205
25,11886432 79,3205
25,70395783 79,1205
26,30267992 78,9205
26,91534804 78,7206
27,54228703 78,5206
28,18382931 78,3206
28,84031503 78,1206
29,51209227 77,9206
30,1995172 77,7207
30,90295433 77,5207
31,6227766 77,3207
32,35936569 77,1207
33,11311215 76,9207
33,88441561 76,7207
34,67368505 76,5208
35,48133892 76,3208
36,30780548 76,1208
37,15352291 75,9208
38,01893963 75,7208
38,9045145 75,5208
39,81071706 75,3208
40,73802778 75,1208
41,68693835 74,9209
42,65795188 74,7209
43,65158322 74,5209
44,66835922 74,3209
45,70881896 74,1209
46,77351413 73,9209
47,86300923 73,7209
48,97788194 73,5209
50,11872336 73,3209
51,2861384 73,1209
52,48074602 72,9209
53,70317964 72,7209
54,95408739 72,5209
56,23413252 72,321
57,54399373 72,121
58,88436554 71,921
60,25595861 71,721
61,65950019 71,521
63,09573445 71,321
64,5654229 71,121
66,0693448 70,921
67,60829754 70,721
69,18309709 70,521
70,79457844 70,321
72,44359601 70,121
74,13102413 69,921
75,8577575 69,721
77,62471166 69,521
79,43282347 69,321
81,28305162 69,121
83,17637711 68,921
85,11380382 68,721
87,096359 68,521
89,12509381 68,321
91,20108394 68,121
93,32543008 67,921
95,4992586 67,721
97,7237221 67,521
100 67,321
102,3292992 67,121
104,7128548 66,921
107,1519305 66,721
109,6478196 66,521
112,2018454 66,321
114,8153621 66,121
117,4897555 65,921
120,2264435 65,721
123,0268771 65,521
125,8925412 65,321
128,8249552 65,121
131,8256739 64,921
134,8962883 64,721
138,0384265 64,521
141,2537545 64,321
144,5439771 64,121
147,9108388 63,921
151,3561248 63,721
154,8816619 63,521
158,4893192 63,321
162,1810097 63,121
165,9586907 62,921
169,8243652 62,721
173,7800829 62,521
177,827941 62,321
181,9700859 62,121
186,2087137 61,921
190,5460718 61,721
194,98446 61,521
199,5262315 61,321
204,1737945 61,121
208,9296131 60,921
213,796209 60,721
218,7761624 60,521
223,8721139 60,321
229,0867653 60,121
234,4228815 59,921
239,8832919 59,721
245,4708916 59,521
251,1886432 59,321
257,0395783 59,121
263,0267992 58,921
269,1534804 58,721
275,4228703 58,521
281,8382931 58,321
288,4031503 58,121
295,1209227 57,921
301,995172 57,721
309,0295433 57,521
316,227766 57,321
323,5936569 57,121
331,1311215 56,921
338,8441561 56,721
346,7368505 56,521
354,8133892 56,321
363,0780548 56,121
371,5352291 55,921
380,1893963 55,721
389,045145 55,521
398,1071706 55,321
407,3802778 55,121
416,8693835 54,921
426,5795188 54,721
436,5158322 54,521
446,6835922 54,321
457,0881896 54,121
467,7351413 53,921
478,6300923 53,721
489,7788194 53,521
501,1872336 53,321
512,861384 53,121
524,8074602 52,921
537,0317964 52,721
549,5408739 52,521
562,3413252 52,321
575,4399373 52,121
588,8436554 51,921
602,5595861 51,721
616,5950019 51,521
630,9573445 51,3209
645,654229 51,1209
660,693448 50,9209
676,0829754 50,7209
691,8309709 50,5209
707,9457844 50,3209
724,4359601 50,1209
741,3102413 49,9209
758,577575 49,7209
776,2471166 49,5209
794,3282347 49,3209
812,8305162 49,1209
831,7637711 48,9209
851,1380382 48,7208
870,96359 48,5208
891,2509381 48,3208
912,0108394 48,1208
933,2543008 47,9208
954,992586 47,7208
977,237221 47,5208
1000 47,3208
1023,292992 47,1207
1047,128548 46,9207
1071,519305 46,7207
1096,478196 46,5207
1122,018454 46,3207
1148,153621 46,1207
1174,897555 45,9206
1202,264435 45,7206
1230,268771 45,5206
1258,925412 45,3206
1288,249552 45,1206
1318,256739 44,9205
1348,962883 44,7205
1380,384265 44,5205
1412,537545 44,3204
1445,439771 44,1204
1479,108388 43,9204
1513,561248 43,7204
1548,816619 43,5203
1584,893192 43,3203
1621,810097 43,1203
1659,586907 42,9202
1698,243652 42,7202
1737,800829 42,5201
1778,27941 42,3201
1819,700859 42,12
1862,087137 41,92
1905,460718 41,7199
1949,8446 41,5199
1995,262315 41,3198
2041,737945 41,1198
2089,296131 40,9197
2137,96209 40,7196
2187,761624 40,5196
2238,721139 40,3195
2290,867653 40,1194
2344,228815 39,9194
2398,832919 39,7193
2454,708916 39,5192
2511,886432 39,3191
2570,395783 39,119
2630,267992 38,9189
2691,534804 38,7188
2754,228703 38,5187
2818,382931 38,3186
2884,031503 38,1185
2951,209227 37,9184
3019,95172 37,7182
3090,295433 37,5181
3162,27766 37,318
3235,936569 37,1178
3311,311215 36,9177
3388,441561 36,7175
3467,368505 36,5173
3548,133892 36,3172
3630,780548 36,117
3715,352291 35,9168
3801,893963 35,7166
3890,45145 35,5164
3981,071706 35,3161
4073,802778 35,1159
4168,693835 34,9157
4265,795188 34,7154
4365,158322 34,5151
4466,835922 34,3149
4570,881896 34,1146
4677,351413 33,9143
4786,300923 33,7139
4897,788194 33,5136
5011,872336 33,3133
5128,61384 33,1129
5248,074602 32,9125
5370,317964 32,7121
5495,408739 32,5117
5623,413252 32,3112
5754,399373 32,1108
5888,436554 31,9103
6025,595861 31,7098
6165,950019 31,5093
6309,573445 31,3087
6456,54229 31,1081
6606,93448 30,9075
6760,829754 30,7069
6918,309709 30,5062
7079,457844 30,3055
7244,359601 30,1048
7413,102413 29,904
7585,77575 29,7032
7762,471166 29,5024
7943,282347 29,3015
8128,305162 29,1006
8317,637711 28,8996
8511,380382 28,6986
8709,6359 28,4975
8912,509381 28,2964
9120,108394 28,0953
9332,543008 27,8941
9549,92586 27,6928
9772,37221 27,4915
10000 27,2901
10232,92992 27,0886
10471,28548 26,8871
10715,19305 26,6855
10964,78196 26,4838
11220,18454 26,2821
11481,53621 26,0802
11748,97555 25,8783
12022,64435 25,6763
12302,68771 25,4742
12589,25412 25,272
12882,49552 25,0697
13182,56739 24,8673
13489,62883 24,6648
13803,84265 24,4622
14125,37545 24,2594
14454,39771 24,0565
14791,08388 23,8535
15135,61248 23,6504
15488,16619 23,4471
15848,93192 23,2436
16218,10097 23,04
16595,86907 22,8362
16982,43652 22,6322
17378,00829 22,4281
17782,7941 22,2238
18197,00859 22,0192
18620,87137 21,8145
19054,60718 21,6095
19498,446 21,4043
19952,62315 21,1989
20417,37945 20,9933
20892,96131 20,7873
21379,6209 20,5811
21877,61624 20,3746
22387,21139 20,1679
22908,67653 19,9608
23442,28815 19,7534
23988,32919 19,5456
24547,08916 19,3375
25118,86432 19,129
25703,95783 18,9202
26302,67992 18,711
26915,34804 18,5013
27542,28703 18,2912
28183,82931 18,0807
28840,31503 17,8697
29512,09227 17,6582
30199,5172 17,4462
30902,95433 17,2336
31622,7766 17,0205
32359,36569 16,8069
33113,11215 16,5926
33884,41561 16,3777
34673,68505 16,1622
35481,33892 15,946
36307,80548 15,7291
37153,52291 15,5115
38018,93963 15,2931
38904,5145 15,0739
39810,71706 14,8539
40738,02778 14,6331
41686,93835 14,4114
42657,95188 14,1888
43651,58322 13,9653
44668,35922 13,7408
45708,81896 13,5152
46773,51413 13,2887
47863,00923 13,061
48977,88194 12,8323
50118,72336 12,6023
51286,1384 12,3712
52480,74602 12,1389
53703,17964 11,9053
54954,08739 11,6704
56234,13252 11,4341
57543,99373 11,1965
58884,36554 10,9574
60255,95861 10,7169
61659,50019 10,4748
63095,73445 10,2312
64565,4229 9,98604
66069,3448 9,73922
67608,29754 9,49073
69183,09709 9,24052
70794,57844 8,98857
72443,59601 8,73482
74131,02413 8,47925
75857,7575 8,22181
77624,71166 7,96246
79432,82347 7,70118
81283,05162 7,43792
83176,37711 7,17265
85113,80382 6,90534
87096,359 6,63596
89125,09381 6,36448
91201,08394 6,09087
93325,43008 5,81511
95499,2586 5,53716
97723,7221 5,25702
100000 4,97465
102329,2992 4,69005
104712,8548 4,40319
107151,9305 4,11405
109647,8196 3,82264
112201,8454 3,52894
114815,3621 3,23295
117489,7555 2,93465
120226,4435 2,63405
123026,8771 2,33115
125892,5412 2,02595
128824,9552 1,71845
131825,6739 1,40867
134896,2883 1,09662
138038,4265 0,782305
141253,7545 0,465742
144543,9771 0,146948
147910,8388 -0,174057
151356,1248 -0,497252
154881,6619 -0,822613
158489,3192 -1,15012
162181,0097 -1,47973
165958,6907 -1,81144
169824,3652 -2,1452
173780,0829 -2,48098
177827,941 -2,81875
181970,0859 -3,15848
186208,7137 -3,50014
190546,0718 -3,84367
194984,46 -4,18906
199526,2315 -4,53625
204173,7945 -4,88521
208929,6131 -5,23591
213796,209 -5,58829
218776,1624 -5,94233
223872,1139 -6,29797
229086,7653 -6,65518
234422,8815 -7,01393
239883,2919 -7,37416
245470,8916 -7,73583
251188,6432 -8,09892
257039,5783 -8,46337
263026,7992 -8,82914
269153,4804 -9,1962
275422,8703 -9,56451
281838,2931 -9,93403
288403,1503 -10,3047
295120,9227 -10,6765
301995,172 -11,0495
309029,5433 -11,4234
316227,766 -11,7984
323593,6569 -12,1744
331131,1215 -12,5514
338844,1561 -12,9293
346736,8505 -13,308
354813,3892 -13,6876
363078,0548 -14,0681
371535,2291 -14,4493
380189,3963 -14,8314
389045,145 -15,2141
398107,1706 -15,5976
407380,2778 -15,9817
416869,3835 -16,3665
426579,5188 -16,752
436515,8322 -17,138
446683,5922 -17,5247
457088,1896 -17,9119
467735,1413 -18,2996
478630,0923 -18,6879
489778,8194 -19,0766
501187,2336 -19,4659
512861,384 -19,8556
524807,4602 -20,2457
537031,7964 -20,6363
549540,8739 -21,0273
562341,3252 -21,4186
575439,9373 -21,8103
588843,6554 -22,2024
602559,5861 -22,5949
616595,0019 -22,9876
630957,3445 -23,3807
645654,229 -23,7741
660693,448 -24,1677
676082,9754 -24,5617
691830,9709 -24,9559
707945,7844 -25,3503
724435,9601 -25,745
741310,2413 -26,14
758577,575 -26,5351
776247,1166 -26,9305
794328,2347 -27,3261
812830,5162 -27,7218
831763,7711 -28,1178
851138,0382 -28,5139
870963,59 -28,9102
891250,9381 -29,3067
912010,8394 -29,7033
933254,3008 -30,1001
954992,586 -30,497
977237,221 -30,8941
1000000 -31,2912
1023292,992 -31,6885
1047128,548 -32,086
1071519,305 -32,4835
1096478,196 -32,8812
1122018,454 -33,2789
1148153,621 -33,6768
1174897,555 -34,0747
1202264,435 -34,4728
1230268,771 -34,8709
1258925,412 -35,2691
1288249,552 -35,6674
1318256,739 -36,0658
1348962,883 -36,4642
1380384,265 -36,8627
1412537,545 -37,2613
1445439,771 -37,66
1479108,388 -38,0587
1513561,248 -38,4574
1548816,619 -38,8562
1584893,192 -39,2551
1621810,097 -39,654
1659586,907 -40,053
1698243,652 -40,452
1737800,829 -40,8511
1778279,41 -41,2502
1819700,859 -41,6493
1862087,137 -42,0485
1905460,718 -42,4477
1949844,6 -42,847
1995262,315 -43,2462
2041737,945 -43,6456
2089296,131 -44,0449
2137962,09 -44,4443
2187761,624 -44,8437
2238721,139 -45,2431
2290867,653 -45,6426
2344228,815 -46,0421
2398832,919 -46,4416
2454708,916 -46,8411
2511886,432 -47,2406
2570395,783 -47,6402
2630267,992 -48,0398
2691534,804 -48,4394
2754228,703 -48,839
2818382,931 -49,2387
2884031,503 -49,6383
2951209,227 -50,038
3019951,72 -50,4377
3090295,433 -50,8374
3162277,66 -51,2371
3235936,569 -51,6368
3311311,215 -52,0366
3388441,561 -52,4363
3467368,505 -52,8361
3548133,892 -53,2359
3630780,548 -53,6356
3715352,291 -54,0354
3801893,963 -54,4352
3890451,45 -54,835
3981071,706 -55,2349
4073802,778 -55,6347
4168693,835 -56,0345
4265795,188 -56,4344
4365158,322 -56,8342
4466835,922 -57,2341
4570881,896 -57,6339
4677351,413 -58,0338
4786300,923 -58,4337
4897788,194 -58,8336
5011872,336 -59,2335
5128613,84 -59,6333
5248074,602 -60,0332
5370317,964 -60,4331
5495408,739 -60,833
5623413,252 -61,233
5754399,373 -61,6329
5888436,554 -62,0328
6025595,861 -62,4327
6165950,019 -62,8326
6309573,445 -63,2326
6456542,29 -63,6325
6606934,48 -64,0324
6760829,754 -64,4324
6918309,709 -64,8323
7079457,844 -65,2323
7244359,601 -65,6322
7413102,413 -66,0321
7585775,75 -66,4321
7762471,166 -66,832
7943282,347 -67,232
8128305,162 -67,632
8317637,711 -68,0319
8511380,382 -68,4319
8709635,9 -68,8318
8912509,381 -69,2318
9120108,394 -69,6318
9332543,008 -70,0317
9549925,86 -70,4317
9772372,21 -70,8317
10000000 -71,2316
10232929,92 -71,6316
10471285,48 -72,0316
10715193,05 -72,4316
10964781,96 -72,8315
11220184,54 -73,2315
11481536,21 -73,6315
11748975,55 -74,0315
12022644,35 -74,4315
12302687,71 -74,8314
12589254,12 -75,2314
12882495,52 -75,6314
13182567,39 -76,0314
13489628,83 -76,4314
13803842,65 -76,8314
14125375,45 -77,2313
14454397,71 -77,6313
14791083,88 -78,0313
15135612,48 -78,4313
15488166,19 -78,8313
15848931,92 -79,2313
16218100,97 -79,6313
16595869,07 -80,0313
16982436,52 -80,4312
17378008,29 -80,8312
17782794,1 -81,2312
18197008,59 -81,6312
18620871,37 -82,0312
19054607,18 -82,4312
19498446 -82,8312
19952623,15 -83,2312
20417379,45 -83,6312
20892961,31 -84,0312
21379620,9 -84,4312
21877616,24 -84,8312
22387211,39 -85,2312
22908676,53 -85,6311
23442288,15 -86,0311
23988329,19 -86,4311
24547089,16 -86,8311
25118864,32 -87,2311
25703957,83 -87,6311
26302679,92 -88,0311
26915348,04 -88,4311
27542287,03 -88,8311
28183829,31 -89,2311
28840315,03 -89,6311
29512092,27 -90,0311
30199517,2 -90,4311
30902954,33 -90,8311
31622776,6 -91,2311
32359365,69 -91,6311
33113112,15 -92,0311
33884415,61 -92,4311
34673685,05 -92,8311
35481338,92 -93,2311
36307805,48 -93,6311
37153522,91 -94,0311
38018939,63 -94,4311
38904514,5 -94,8311
39810717,06 -95,2311
40738027,78 -95,6311
41686938,35 -96,031
42657951,88 -96,431
43651583,22 -96,831
44668359,22 -97,231
45708818,96 -97,631
46773514,13 -98,031
47863009,23 -98,431
48977881,94 -98,831
50118723,36 -99,231
51286138,4 -99,631
52480746,02 -100,031
53703179,64 -100,431
54954087,39 -100,831
56234132,52 -101,231
57543993,73 -101,631
58884365,54 -102,031
60255958,61 -102,431
61659500,19 -102,831
63095734,45 -103,231
64565422,9 -103,631
66069344,8 -104,031
67608297,54 -104,431
69183097,09 -104,831
70794578,44 -105,231
72443596,01 -105,631
74131024,13 -106,031
75857757,5 -106,431
77624711,66 -106,831
79432823,47 -107,231
81283051,62 -107,631
83176377,11 -108,031
85113803,82 -108,431
87096359 -108,831
89125093,81 -109,231
91201083,94 -109,631
93325430,08 -110,031
95499258,6 -110,431
97723722,1 -110,831
100000000 -111,231
