0,1 110,456
0,1023292992 110,456
0,1047128548 110,456
0,1071519305 110,456
0,1096478196 110,456
0,1122018454 110,456
0,1148153621 110,456
0,1174897555 110,456
0,1202264435 110,456
0,1230268771 110,456
0,1258925412 110,456
0,1288249552 110,456
0,1318256739 110,456
0,1348962883 110,456
0,1380384265 110,456
0,1412537545 110,456
0,1445439771 110,456
0,1479108388 110,456
0,1513561248 110,456
0,1548816619 110,456
0,1584893192 110,456
0,1621810097 110,456
0,1659586907 110,455
0,1698243652 110,455
0,1737800829 110,455
0,177827941 110,455
0,1819700859 110,455
0,1862087137 110,455
0,1905460718 110,455
0,19498446 110,455
0,1995262315 110,455
0,2041737945 110,455
0,2089296131 110,455
0,213796209 110,454
0,2187761624 110,454
0,2238721139 110,454
0,2290867653 110,454
0,2344228815 110,454
0,2398832919 110,454
0,2454708916 110,454
0,2511886432 110,453
0,2570395783 110,453
0,2630267992 110,453
0,2691534804 110,453
0,2754228703 110,453
0,2818382931 110,453
0,2884031503 110,452
0,2951209227 110,452
0,301995172 110,452
0,3090295433 110,452
0,316227766 110,451
0,3235936569 110,451
0,3311311215 110,451
0,3388441561 110,451
0,3467368505 110,45
0,3548133892 110,45
0,3630780548 110,45
0,3715352291 110,449
0,3801893963 110,449
0,389045145 110,448
0,3981071706 110,448
0,4073802778 110,448
0,4168693835 110,447
0,4265795188 110,447
0,4365158322 110,446
0,4466835922 110,446
0,4570881896 110,445
0,4677351413 110,445
0,4786300923 110,444
0,4897788194 110,444
0,5011872336 110,443
0,512861384 110,442
0,5248074602 110,442
0,5370317964 110,441
0,5495408739 110,44
0,5623413252 110,439
0,5754399373 110,438
0,5888436554 110,438
0,6025595861 110,437
0,6165950019 110,436
0,6309573445 110,435
0,645654229 110,434
0,660693448 110,433
0,6760829754 110,431
0,6918309709 110,43
0,7079457844 110,429
0,7244359601 110,428
0,7413102413 110,426
0,758577575 110,425
0,7762471166 110,423
0,7943282347 110,422
0,8128305162 110,42
0,8317637711 110,418
0,8511380382 110,416
0,87096359 110,415
0,8912509381 110,413
0,9120108394 110,411
0,9332543008 110,408
0,954992586 110,406
0,977237221 110,404
1 110,401
1,023292992 110,399
1,047128548 110,396
1,071519305 110,393
1,096478196 110,39
1,122018454 110,387
1,148153621 110,384
1,174897555 110,38
1,202264435 110,377
1,230268771 110,373
1,258925412 110,369
1,288249552 110,365
1,318256739 110,36
1,348962883 110,356
1,380384265 110,351
1,412537545 110,346
1,445439771 110,341
1,479108388 110,336
1,513561248 110,33
1,548816619 110,324
1,584893192 110,318
1,621810097 110,312
1,659586907 110,305
1,698243652 110,298
1,737800829 110,291
1,77827941 110,283
1,819700859 110,275
1,862087137 110,266
1,905460718 110,258
1,9498446 110,249
1,995262315 110,239
2,041737945 110,229
2,089296131 110,218
2,13796209 110,208
2,187761624 110,196
2,238721139 110,184
2,290867653 110,172
2,344228815 110,159
2,398832919 110,145
2,454708916 110,131
2,511886432 110,116
2,570395783 110,101
2,630267992 110,085
2,691534804 110,068
2,754228703 110,051
2,818382931 110,032
2,884031503 110,013
2,951209227 109,993
3,01995172 109,973
3,090295433 109,951
3,16227766 109,929
3,235936569 109,905
3,311311215 109,881
3,388441561 109,856
3,467368505 109,829
3,548133892 109,802
3,630780548 109,773
3,715352291 109,744
3,801893963 109,713
3,89045145 109,681
3,981071706 109,647
4,073802778 109,613
4,168693835 109,576
4,265795188 109,539
4,365158322 109,5
4,466835922 109,46
4,570881896 109,418
4,677351413 109,375
4,786300923 109,33
4,897788194 109,283
5,011872336 109,235
5,12861384 109,185
5,248074602 109,134
5,370317964 109,08
5,495408739 109,025
5,623413252 108,968
5,754399373 108,909
5,888436554 108,848
6,025595861 108,785
6,165950019 108,72
6,309573445 108,653
6,45654229 108,584
6,60693448 108,513
6,760829754 108,44
6,918309709 108,364
7,079457844 108,287
7,244359601 108,207
7,413102413 108,125
7,58577575 108,041
7,762471166 107,954
7,943282347 107,866
8,128305162 107,775
8,317637711 107,681
8,511380382 107,586
8,7096359 107,488
8,912509381 107,388
9,120108394 107,285
9,332543008 107,18
9,54992586 107,073
9,77237221 106,964
10 106,852
10,23292992 106,738
10,47128548 106,622
10,71519305 106,504
10,96478196 106,383
11,22018454 106,26
11,48153621 106,135
11,74897555 106,008
12,02264435 105,879
12,30268771 105,748
12,58925412 105,614
12,88249552 105,479
13,18256739 105,341
13,48962883 105,202
13,80384265 105,061
14,12537545 104,917
14,45439771 104,772
14,79108388 104,626
15,13561248 104,477
15,48816619 104,326
15,84893192 104,174
16,21810097 104,021
16,59586907 103,865
16,98243652 103,708
17,37800829 103,55
17,7827941 103,39
18,19700859 103,228
18,62087137 103,066
19,05460718 102,901
19,498446 102,736
19,95262315 102,569
20,41737945 102,401
20,89296131 102,232
21,3796209 102,061
21,87761624 101,889
22,38721139 101,717
22,90867653 101,543
23,44228815 101,368
23,98832919 101,192
24,54708916 101,016
25,11886432 100,838
25,70395783 100,659
26,30267992 100,48
26,91534804 100,299
27,54228703 100,118
28,18382931 99,9364
28,84031503 99,7538
29,51209227 99,5704
30,1995172 99,3864
30,90295433 99,2017
31,6227766 99,0164
32,35936569 98,8304
33,11311215 98,6439
33,88441561 98,4568
34,67368505 98,2691
35,48133892 98,081
36,30780548 97,8923
37,15352291 97,7031
38,01893963 97,5135
38,9045145 97,3234
39,81071706 97,133
40,73802778 96,9421
41,68693835 96,7508
42,65795188 96,5591
43,65158322 96,3671
44,66835922 96,1747
45,70881896 95,982
46,77351413 95,789
47,86300923 95,5957
48,97788194 95,402
50,11872336 95,2082
51,2861384 95,014
52,48074602 94,8196
53,70317964 94,6249
54,95408739 94,43
56,23413252 94,2349
57,54399373 94,0396
58,88436554 93,844
60,25595861 93,6483
61,65950019 93,4524
63,09573445 93,2563
64,5654229 93,06
66,0693448 92,8636
67,60829754 92,667
69,18309709 92,4702
70,79457844 92,2733
72,44359601 92,0763
74,13102413 91,8791
75,8577575 91,6819
77,62471166 91,4844
79,43282347 91,2869
81,28305162 91,0893
83,17637711 90,8916
85,11380382 90,6937
87,096359 90,4958
89,12509381 90,2978
91,20108394 90,0996
93,32543008 89,9014
95,4992586 89,7032
97,7237221 89,5048
100 89,3064
102,3292992 89,1079
104,7128548 88,9093
107,1519305 88,7107
109,6478196 88,512
112,2018454 88,3132
114,8153621 88,1144
117,4897555 87,9156
120,2264435 87,7167
123,0268771 87,5177
125,8925412 87,3187
128,8249552 87,1196
131,8256739 86,9205
134,8962883 86,7214
138,0384265 86,5222
141,2537545 86,323
144,5439771 86,1238
147,9108388 85,9245
151,3561248 85,7252
154,8816619 85,5258
158,4893192 85,3265
162,1810097 85,1271
165,9586907 84,9276
169,8243652 84,7282
173,7800829 84,5287
177,827941 84,3292
181,9700859 84,1297
186,2087137 83,9301
190,5460718 83,7306
194,98446 83,531
199,5262315 83,3314
204,1737945 83,1318
208,9296131 82,9321
213,796209 82,7325
218,7761624 82,5328
223,8721139 82,3331
229,0867653 82,1334
234,4228815 81,9337
239,8832919 81,734
245,4708916 81,5343
251,1886432 81,3345
257,0395783 81,1347
263,0267992 80,935
269,1534804 80,7352
275,4228703 80,5354
281,8382931 80,3356
288,4031503 80,1358
295,1209227 79,936
301,995172 79,7361
309,0295433 79,5363
316,227766 79,3365
323,5936569 79,1366
331,1311215 78,9368
338,8441561 78,7369
346,7368505 78,537
354,8133892 78,3372
363,0780548 78,1373
371,5352291 77,9374
380,1893963 77,7375
389,045145 77,5376
398,1071706 77,3377
407,3802778 77,1378
416,8693835 76,9379
426,5795188 76,738
436,5158322 76,5381
446,6835922 76,3381
457,0881896 76,1382
467,7351413 75,9383
478,6300923 75,7384
489,7788194 75,5384
501,1872336 75,3385
512,861384 75,1385
524,8074602 74,9386
537,0317964 74,7387
549,5408739 74,5387
562,3413252 74,3388
575,4399373 74,1388
588,8436554 73,9389
602,5595861 73,7389
616,5950019 73,5389
630,9573445 73,339
645,654229 73,139
660,693448 72,9391
676,0829754 72,7391
691,8309709 72,5391
707,9457844 72,3392
724,4359601 72,1392
741,3102413 71,9392
758,577575 71,7392
776,2471166 71,5393
794,3282347 71,3393
812,8305162 71,1393
831,7637711 70,9393
851,1380382 70,7394
870,96359 70,5394
891,2509381 70,3394
912,0108394 70,1394
933,2543008 69,9394
954,992586 69,7395
977,237221 69,5395
1000 69,3395
1023,292992 69,1395
1047,128548 68,9395
1071,519305 68,7395
1096,478196 68,5395
1122,018454 68,3396
1148,153621 68,1396
1174,897555 67,9396
1202,264435 67,7396
1230,268771 67,5396
1258,925412 67,3396
1288,249552 67,1396
1318,256739 66,9396
1348,962883 66,7396
1380,384265 66,5396
1412,537545 66,3397
1445,439771 66,1397
1479,108388 65,9397
1513,561248 65,7397
1548,816619 65,5397
1584,893192 65,3397
1621,810097 65,1397
1659,586907 64,9397
1698,243652 64,7397
1737,800829 64,5397
1778,27941 64,3397
1819,700859 64,1397
1862,087137 63,9397
1905,460718 63,7397
1949,8446 63,5397
1995,262315 63,3397
2041,737945 63,1397
2089,296131 62,9397
2137,96209 62,7397
2187,761624 62,5398
2238,721139 62,3398
2290,867653 62,1398
2344,228815 61,9398
2398,832919 61,7398
2454,708916 61,5398
2511,886432 61,3398
2570,395783 61,1398
2630,267992 60,9398
2691,534804 60,7398
2754,228703 60,5398
2818,382931 60,3398
2884,031503 60,1398
2951,209227 59,9398
3019,95172 59,7398
3090,295433 59,5398
3162,27766 59,3398
3235,936569 59,1398
3311,311215 58,9398
3388,441561 58,7398
3467,368505 58,5398
3548,133892 58,3398
3630,780548 58,1398
3715,352291 57,9398
3801,893963 57,7398
3890,45145 57,5398
3981,071706 57,3398
4073,802778 57,1398
4168,693835 56,9398
4265,795188 56,7398
4365,158322 56,5398
4466,835922 56,3398
4570,881896 56,1398
4677,351413 55,9398
4786,300923 55,7398
4897,788194 55,5398
5011,872336 55,3398
5128,61384 55,1398
5248,074602 54,9398
5370,317964 54,7398
5495,408739 54,5398
5623,413252 54,3398
5754,399373 54,1398
5888,436554 53,9398
6025,595861 53,7398
6165,950019 53,5398
6309,573445 53,3398
6456,54229 53,1398
6606,93448 52,9398
6760,829754 52,7398
6918,309709 52,5398
7079,457844 52,3398
7244,359601 52,1398
7413,102413 51,9398
7585,77575 51,7398
7762,471166 51,5398
7943,282347 51,3398
8128,305162 51,1398
8317,637711 50,9398
8511,380382 50,7398
8709,6359 50,5398
8912,509381 50,3398
9120,108394 50,1398
9332,543008 49,9399
9549,92586 49,7399
9772,37221 49,5399
10000 49,3399
10232,92992 49,1399
10471,28548 48,9399
10715,19305 48,7399
10964,78196 48,5399
11220,18454 48,3399
11481,53621 48,1399
11748,97555 47,9399
12022,64435 47,7399
12302,68771 47,5399
12589,25412 47,3399
12882,49552 47,1399
13182,56739 46,9399
13489,62883 46,7399
13803,84265 46,5399
14125,37545 46,3399
14454,39771 46,1399
14791,08388 45,9399
15135,61248 45,7399
15488,16619 45,5399
15848,93192 45,3399
16218,10097 45,1399
16595,86907 44,9399
16982,43652 44,7399
17378,00829 44,5399
17782,7941 44,3399
18197,00859 44,1399
18620,87137 43,94
19054,60718 43,74
19498,446 43,54
19952,62315 43,34
20417,37945 43,14
20892,96131 42,94
21379,6209 42,74
21877,61624 42,54
22387,21139 42,34
22908,67653 42,14
23442,28815 41,94
23988,32919 41,74
24547,08916 41,5401
25118,86432 41,3401
25703,95783 41,1401
26302,67992 40,9401
26915,34804 40,7401
27542,28703 40,5401
28183,82931 40,3401
28840,31503 40,1401
29512,09227 39,9402
30199,5172 39,7402
30902,95433 39,5402
31622,7766 39,3402
32359,36569 39,1402
33113,11215 38,9402
33884,41561 38,7403
34673,68505 38,5403
35481,33892 38,3403
36307,80548 38,1403
37153,52291 37,9403
38018,93963 37,7404
38904,5145 37,5404
39810,71706 37,3404
40738,02778 37,1405
41686,93835 36,9405
42657,95188 36,7405
43651,58322 36,5405
44668,35922 36,3406
45708,81896 36,1406
46773,51413 35,9407
47863,00923 35,7407
48977,88194 35,5407
50118,72336 35,3408
51286,1384 35,1408
52480,74602 34,9409
53703,17964 34,7409
54954,08739 34,541
56234,13252 34,341
57543,99373 34,1411
58884,36554 33,9411
60255,95861 33,7412
61659,50019 33,5413
63095,73445 33,3413
64565,4229 33,1414
66069,3448 32,9415
67608,29754 32,7416
69183,09709 32,5416
70794,57844 32,3417
72443,59601 32,1418
74131,02413 31,9419
75857,7575 31,742
77624,71166 31,5421
79432,82347 31,3422
81283,05162 31,1423
83176,37711 30,9425
85113,80382 30,7426
87096,359 30,5427
89125,09381 30,3429
91201,08394 30,143
93325,43008 29,9431
95499,2586 29,7433
97723,7221 29,5435
100000 29,3436
102329,2992 29,1438
104712,8548 28,944
107151,9305 28,7442
109647,8196 28,5444
112201,8454 28,3446
114815,3621 28,1449
117489,7555 27,9451
120226,4435 27,7453
123026,8771 27,5456
125892,5412 27,3459
128824,9552 27,1461
131825,6739 26,9464
134896,2883 26,7468
138038,4265 26,5471
141253,7545 26,3474
144543,9771 26,1478
147910,8388 25,9482
151356,1248 25,7485
154881,6619 25,549
158489,3192 25,3494
162181,0097 25,1498
165958,6907 24,9503
169824,3652 24,7508
173780,0829 24,5513
177827,941 24,3519
181970,0859 24,1524
186208,7137 23,953
190546,0718 23,7536
194984,46 23,5543
199526,2315 23,3549
204173,7945 23,1557
208929,6131 22,9564
213796,209 22,7572
218776,1624 22,558
223872,1139 22,3588
229086,7653 22,1597
234422,8815 21,9607
239883,2919 21,7616
245470,8916 21,5626
251188,6432 21,3637
257039,5783 21,1648
263026,7992 20,966
269153,4804 20,7672
275422,8703 20,5685
281838,2931 20,3698
288403,1503 20,1712
295120,9227 19,9727
301995,172 19,7742
309029,5433 19,5758
316227,766 19,3775
323593,6569 19,1792
331131,1215 18,981
338844,1561 18,7829
346736,8505 18,5849
354813,3892 18,387
363078,0548 18,1892
371535,2291 17,9915
380189,3963 17,7939
389045,145 17,5964
398107,1706 17,399
407380,2778 17,2017
416869,3835 17,0045
426579,5188 16,8075
436515,8322 16,6106
446683,5922 16,4138
457088,1896 16,2172
467735,1413 16,0207
478630,0923 15,8244
489778,8194 15,6282
501187,2336 15,4322
512861,384 15,2364
524807,4602 15,0408
537031,7964 14,8453
549540,8739 14,6501
562341,3252 14,455
575439,9373 14,2602
588843,6554 14,0656
602559,5861 13,8712
616595,0019 13,677
630957,3445 13,4831
645654,229 13,2895
660693,448 13,0961
676082,9754 12,9029
691830,9709 12,7101
707945,7844 12,5175
724435,9601 12,3252
741310,2413 12,1333
758577,575 11,9416
776247,1166 11,7503
794328,2347 11,5593
812830,5162 11,3687
831763,7711 11,1784
851138,0382 10,9885
870963,59 10,7989
891250,9381 10,6097
912010,8394 10,421
933254,3008 10,2326
954992,586 10,0446
977237,221 9,85703
1000000 9,66989
1023292,992 9,48317
1047128,548 9,29689
1071519,305 9,11105
1096478,196 8,92566
1122018,454 8,74071
1148153,621 8,55621
1174897,555 8,37216
1202264,435 8,18857
1230268,771 8,00543
1258925,412 7,82274
1288249,552 7,6405
1318256,739 7,4587
1348962,883 7,27734
1380384,265 7,0964
1412537,545 6,91587
1445439,771 6,73575
1479108,388 6,55602
1513561,248 6,37666
1548816,619 6,19766
1584893,192 6,01898
1621810,097 5,84061
1659586,907 5,66251
1698243,652 5,48466
1737800,829 5,30703
1778279,41 5,12957
1819700,859 4,95225
1862087,137 4,77503
1905460,718 4,59785
1949844,6 4,42067
1995262,315 4,24344
2041737,945 4,0661
2089296,131 3,8886
2137962,09 3,71086
2187761,624 3,53283
2238721,139 3,35443
2290867,653 3,17559
2344228,815 2,99624
2398832,919 2,81629
2454708,916 2,63568
2511886,432 2,45431
2570395,783 2,27209
2630267,992 2,08895
2691534,804 1,90478
2754228,703 1,71951
2818382,931 1,53302
2884031,503 1,34523
2951209,227 1,15604
3019951,72 0,965356
3090295,433 0,773078
3162277,66 0,579108
3235936,569 0,38335
3311311,215 0,185707
3388441,561 -0,0139182
3467368,505 -0,21562
3548133,892 -0,419491
3630780,548 -0,625624
3715352,291 -0,834108
3801893,963 -1,04503
3890451,45 -1,25847
3981071,706 -1,47452
4073802,778 -1,69325
4168693,835 -1,91473
4265795,188 -2,13903
4365158,322 -2,36623
4466835,922 -2,59638
4570881,896 -2,82954
4677351,413 -3,06576
4786300,923 -3,30509
4897788,194 -3,54757
5011872,336 -3,79325
5128613,84 -4,04214
5248074,602 -4,29429
5370317,964 -4,54972
5495408,739 -4,80843
5623413,252 -5,07045
5754399,373 -5,33578
5888436,554 -5,60443
6025595,861 -5,87638
6165950,019 -6,15165
6309573,445 -6,43021
6456542,29 -6,71204
6606934,48 -6,99714
6760829,754 -7,28547
6918309,709 -7,577
7079457,844 -7,87172
7244359,601 -8,16957
7413102,413 -8,47053
7585775,75 -8,77455
7762471,166 -9,08159
7943282,347 -9,39161
8128305,162 -9,70455
8317637,711 -10,0204
8511380,382 -10,339
8709635,9 -10,6604
8912509,381 -10,9845
9120108,394 -11,3113
9332543,008 -11,6407
9549925,86 -11,9726
9772372,21 -12,3071
10000000 -12,6439
10232929,92 -12,9831
10471285,48 -13,3247
10715193,05 -13,6685
10964781,96 -14,0144
11220184,54 -14,3626
11481536,21 -14,7128
11748975,55 -15,065
12022644,35 -15,4192
12302687,71 -15,7753
12589254,12 -16,1333
12882495,52 -16,493
13182567,39 -16,8546
13489628,83 -17,2178
13803842,65 -17,5827
14125375,45 -17,9492
14454397,71 -18,3173
14791083,88 -18,6868
15135612,48 -19,0579
15488166,19 -19,4304
15848931,92 -19,8042
16218100,97 -20,1795
16595869,07 -20,556
16982436,52 -20,9338
17378008,29 -21,3129
17782794,1 -21,6931
18197008,59 -22,0746
18620871,37 -22,4572
19054607,18 -22,8409
19498446 -23,2257
19952623,15 -23,6116
20417379,45 -23,9985
20892961,31 -24,3865
21379620,9 -24,7754
21877616,24 -25,1653
22387211,39 -25,5562
22908676,53 -25,9481
23442288,15 -26,3409
23988329,19 -26,7346
24547089,16 -27,1292
25118864,32 -27,5247
25703957,83 -27,9211
26302679,92 -28,3184
26915348,04 -28,7166
27542287,03 -29,1157
28183829,31 -29,5156
28840315,03 -29,9164
29512092,27 -30,3181
30199517,2 -30,7207
30902954,33 -31,1241
31622776,6 -31,5284
32359365,69 -31,9337
33113112,15 -32,3398
33884415,61 -32,7468
34673685,05 -33,1547
35481338,92 -33,5635
36307805,48 -33,9733
37153522,91 -34,3841
38018939,63 -34,7958
38904514,5 -35,2085
39810717,06 -35,6222
40738027,78 -36,0369
41686938,35 -36,4526
42657951,88 -36,8694
43651583,22 -37,2873
44668359,22 -37,7064
45708818,96 -38,1265
46773514,13 -38,5478
47863009,23 -38,9703
48977881,94 -39,394
50118723,36 -39,819
51286138,4 -40,2452
52480746,02 -40,6727
53703179,64 -41,1016
54954087,39 -41,5319
56234132,52 -41,9635
57543993,73 -42,3966
58884365,54 -42,8312
60255958,61 -43,2673
61659500,19 -43,7049
63095734,45 -44,1441
64565422,9 -44,5849
66069344,8 -45,0274
67608297,54 -45,4716
69183097,09 -45,9175
70794578,44 -46,3652
72443596,01 -46,8146
74131024,13 -47,2659
75857757,5 -47,7191
77624711,66 -48,1742
79432823,47 -48,6313
81283051,62 -49,0903
83176377,11 -49,5513
85113803,82 -50,0144
87096359 -50,4795
89125093,81 -50,9468
91201083,94 -51,4161
93325430,08 -51,8877
95499258,6 -52,3614
97723722,1 -52,8373
100000000 -53,3155
102329299,2 -53,7959
104712854,8 -54,2785
107151930,5 -54,7635
109647819,6 -55,2507
112201845,4 -55,7403
114815362,1 -56,2321
117489755,5 -56,7263
120226443,5 -57,2228
123026877,1 -57,7216
125892541,2 -58,2228
128824955,2 -58,7263
131825673,9 -59,2321
134896288,3 -59,7402
138038426,5 -60,2506
141253754,5 -60,7633
144543977,1 -61,2783
147910838,8 -61,7955
151356124,8 -62,315
154881661,9 -62,8367
158489319,2 -63,3606
162181009,7 -63,8866
165958690,7 -64,4148
169824365,2 -64,9451
173780082,9 -65,4775
177827941 -66,012
181970085,9 -66,5484
186208713,7 -67,0869
190546071,8 -67,6273
194984460 -68,1696
199526231,5 -68,7138
204173794,5 -69,2598
208929613,1 -69,8077
213796209 -70,3573
218776162,4 -70,9086
223872113,9 -71,4616
229086765,3 -72,0162
234422881,5 -72,5724
239883291,9 -73,1302
245470891,6 -73,6895
251188643,2 -74,2503
257039578,3 -74,8125
263026799,2 -75,3761
269153480,4 -75,9411
275422870,3 -76,5074
281838293,1 -77,0749
288403150,3 -77,6437
295120922,7 -78,2137
301995172 -78,7848
309029543,3 -79,357
316227766 -79,9304
323593656,9 -80,5048
331131121,5 -81,0802
338844156,1 -81,6565
346736850,5 -82,2338
354813389,2 -82,8121
363078054,8 -83,3912
371535229,1 -83,9711
380189396,3 -84,5519
389045145 -85,1334
398107170,6 -85,7158
407380277,8 -86,2988
416869383,5 -86,8825
426579518,8 -87,467
436515832,2 -88,052
446683592,2 -88,6377
457088189,6 -89,224
467735141,3 -89,8109
478630092,3 -90,3983
489778819,4 -90,9862
501187233,6 -91,5747
512861384 -92,1637
524807460,2 -92,7531
537031796,4 -93,343
549540873,9 -93,9333
562341325,2 -94,524
575439937,3 -95,1151
588843655,4 -95,7066
602559586,1 -96,2985
616595001,9 -96,8907
630957344,5 -97,4833
645654229 -98,0762
660693448 -98,6694
676082975,4 -99,2629
691830970,9 -99,8567
707945784,4 -100,451
724435960,1 -101,045
741310241,3 -101,64
758577575 -102,234
776247116,6 -102,829
794328234,7 -103,425
812830516,2 -104,02
831763771,1 -104,616
851138038,2 -105,212
870963590 -105,808
891250938,1 -106,404
912010839,4 -107
933254300,8 -107,597
954992586 -108,193
977237221 -108,79
1000000000 -109,387
