0,001 114,996
0,001023292992 114,996
0,001047128548 114,996
0,001071519305 114,996
0,001096478196 114,996
0,001122018454 114,996
0,001148153621 114,996
0,001174897555 114,996
0,001202264435 114,996
0,001230268771 114,996
0,001258925412 114,996
0,001288249552 114,996
0,001318256739 114,996
0,001348962883 114,996
0,001380384265 114,996
0,001412537545 114,996
0,001445439771 114,996
0,001479108388 114,996
0,001513561248 114,996
0,001548816619 114,996
0,001584893192 114,996
0,001621810097 114,996
0,001659586907 114,996
0,001698243652 114,996
0,001737800829 114,996
0,00177827941 114,996
0,001819700859 114,996
0,001862087137 114,996
0,001905460718 114,995
0,0019498446 114,995
0,001995262315 114,995
0,002041737945 114,995
0,002089296131 114,995
0,00213796209 114,995
0,002187761624 114,995
0,002238721139 114,995
0,002290867653 114,995
0,002344228815 114,995
0,002398832919 114,995
0,002454708916 114,995
0,002511886432 114,995
0,002570395783 114,995
0,002630267992 114,995
0,002691534804 114,995
0,002754228703 114,995
0,002818382931 114,995
0,002884031503 114,995
0,002951209227 114,995
0,00301995172 114,995
0,003090295433 114,995
0,00316227766 114,995
0,003235936569 114,995
0,003311311215 114,995
0,003388441561 114,995
0,003467368505 114,994
0,003548133892 114,994
0,003630780548 114,994
0,003715352291 114,994
0,003801893963 114,994
0,00389045145 114,994
0,003981071706 114,994
0,004073802778 114,994
0,004168693835 114,994
0,004265795188 114,994
0,004365158322 114,994
0,004466835922 114,994
0,004570881896 114,993
0,004677351413 114,993
0,004786300923 114,993
0,004897788194 114,993
0,005011872336 114,993
0,00512861384 114,993
0,005248074602 114,993
0,005370317964 114,992
0,005495408739 114,992
0,005623413252 114,992
0,005754399373 114,992
0,005888436554 114,992
0,006025595861 114,992
0,006165950019 114,991
0,006309573445 114,991
0,00645654229 114,991
0,00660693448 114,991
0,006760829754 114,99
0,006918309709 114,99
0,007079457844 114,99
0,007244359601 114,99
0,007413102413 114,989
0,00758577575 114,989
0,007762471166 114,989
0,007943282347 114,988
0,008128305162 114,988
0,008317637711 114,988
0,008511380382 114,987
0,0087096359 114,987
0,008912509381 114,986
0,009120108394 114,986
0,009332543008 114,985
0,00954992586 114,985
0,00977237221 114,984
0,01 114,984
0,01023292992 114,983
0,01047128548 114,983
0,01071519305 114,982
0,01096478196 114,981
0,01122018454 114,981
0,01148153621 114,98
0,01174897555 114,979
0,01202264435 114,979
0,01230268771 114,978
0,01258925412 114,977
0,01288249552 114,976
0,01318256739 114,975
0,01348962883 114,974
0,01380384265 114,973
0,01412537545 114,972
0,01445439771 114,971
0,01479108388 114,97
0,01513561248 114,968
0,01548816619 114,967
0,01584893192 114,966
0,01621810097 114,964
0,01659586907 114,963
0,01698243652 114,961
0,01737800829 114,96
0,0177827941 114,958
0,01819700859 114,956
0,01862087137 114,954
0,01905460718 114,952
0,019498446 114,95
0,01995262315 114,948
0,02041737945 114,946
0,02089296131 114,944
0,0213796209 114,941
0,02187761624 114,939
0,02238721139 114,936
0,02290867653 114,933
0,02344228815 114,93
0,02398832919 114,927
0,02454708916 114,924
0,02511886432 114,921
0,02570395783 114,917
0,02630267992 114,913
0,02691534804 114,91
0,02754228703 114,906
0,02818382931 114,901
0,02884031503 114,897
0,02951209227 114,892
0,0301995172 114,887
0,03090295433 114,882
0,0316227766 114,877
0,03235936569 114,872
0,03311311215 114,866
0,03388441561 114,86
0,03467368505 114,854
0,03548133892 114,847
0,03630780548 114,84
0,03715352291 114,833
0,03801893963 114,825
0,0389045145 114,817
0,03981071706 114,809
0,04073802778 114,801
0,04168693835 114,792
0,04265795188 114,782
0,04365158322 114,772
0,04466835922 114,762
0,04570881896 114,751
0,04677351413 114,74
0,04786300923 114,729
0,04897788194 114,716
0,05011872336 114,704
0,0512861384 114,69
0,05248074602 114,676
0,05370317964 114,662
0,05495408739 114,647
0,05623413252 114,631
0,05754399373 114,614
0,05888436554 114,597
0,06025595861 114,579
0,06165950019 114,561
0,06309573445 114,541
0,0645654229 114,521
0,0660693448 114,5
0,06760829754 114,478
0,06918309709 114,455
0,07079457844 114,431
0,07244359601 114,406
0,07413102413 114,38
0,0758577575 114,353
0,07762471166 114,325
0,07943282347 114,296
0,08128305162 114,265
0,08317637711 114,234
0,08511380382 114,201
0,087096359 114,167
0,08912509381 114,132
0,09120108394 114,095
0,09332543008 114,057
0,0954992586 114,017
0,0977237221 113,976
0,1 113,933
0,1023292992 113,889
0,1047128548 113,843
0,1071519305 113,796
0,1096478196 113,747
0,1122018454 113,696
0,1148153621 113,643
0,1174897555 113,589
0,1202264435 113,532
0,1230268771 113,474
0,1258925412 113,414
0,1288249552 113,352
0,1318256739 113,288
0,1348962883 113,222
0,1380384265 113,154
0,1412537545 113,084
0,1445439771 113,011
0,1479108388 112,937
0,1513561248 112,86
0,1548816619 112,782
0,1584893192 112,701
0,1621810097 112,617
0,1659586907 112,532
0,1698243652 112,444
0,1737800829 112,354
0,177827941 112,262
0,1819700859 112,167
0,1862087137 112,071
0,1905460718 111,971
0,19498446 111,87
0,1995262315 111,766
0,2041737945 111,66
0,2089296131 111,552
0,213796209 111,441
0,2187761624 111,328
0,2238721139 111,213
0,2290867653 111,096
0,2344228815 110,976
0,2398832919 110,854
0,2454708916 110,73
0,2511886432 110,604
0,2570395783 110,476
0,2630267992 110,345
0,2691534804 110,213
0,2754228703 110,078
0,2818382931 109,942
0,2884031503 109,803
0,2951209227 109,663
0,301995172 109,52
0,3090295433 109,376
0,316227766 109,23
0,3235936569 109,082
0,3311311215 108,932
0,3388441561 108,781
0,3467368505 108,628
0,3548133892 108,473
0,3630780548 108,317
0,3715352291 108,159
0,3801893963 108
0,389045145 107,839
0,3981071706 107,677
0,4073802778 107,513
0,4168693835 107,348
0,4265795188 107,182
0,4365158322 107,015
0,4466835922 106,846
0,4570881896 106,676
0,4677351413 106,505
0,4786300923 106,332
0,4897788194 106,159
0,5011872336 105,985
0,512861384 105,809
0,5248074602 105,633
0,5370317964 105,456
0,5495408739 105,277
0,5623413252 105,098
0,5754399373 104,918
0,5888436554 104,738
0,6025595861 104,556
0,6165950019 104,374
0,6309573445 104,191
0,645654229 104,007
0,660693448 103,823
0,6760829754 103,638
0,6918309709 103,452
0,7079457844 103,266
0,7244359601 103,079
0,7413102413 102,891
0,758577575 102,703
0,7762471166 102,515
0,7943282347 102,326
0,8128305162 102,137
0,8317637711 101,947
0,8511380382 101,756
0,87096359 101,566
0,8912509381 101,375
0,9120108394 101,183
0,9332543008 100,991
0,954992586 100,799
0,977237221 100,606
1 100,414
1,023292992 100,22
1,047128548 100,027
1,071519305 99,8331
1,096478196 99,6391
1,122018454 99,4448
1,148153621 99,2502
1,174897555 99,0554
1,202264435 98,8604
1,230268771 98,6652
1,258925412 98,4697
1,288249552 98,2741
1,318256739 98,0782
1,348962883 97,8822
1,380384265 97,686
1,412537545 97,4896
1,445439771 97,2931
1,479108388 97,0964
1,513561248 96,8996
1,548816619 96,7026
1,584893192 96,5055
1,621810097 96,3083
1,659586907 96,1109
1,698243652 95,9135
1,737800829 95,7159
1,77827941 95,5182
1,819700859 95,3204
1,862087137 95,1225
1,905460718 94,9245
1,9498446 94,7264
1,995262315 94,5283
2,041737945 94,33
2,089296131 94,1317
2,13796209 93,9333
2,187761624 93,7348
2,238721139 93,5363
2,290867653 93,3377
2,344228815 93,139
2,398832919 92,9403
2,454708916 92,7415
2,511886432 92,5427
2,570395783 92,3438
2,630267992 92,1449
2,691534804 91,9459
2,754228703 91,7469
2,818382931 91,5478
2,884031503 91,3487
2,951209227 91,1495
3,01995172 90,9503
3,090295433 90,7511
3,16227766 90,5518
3,235936569 90,3525
3,311311215 90,1532
3,388441561 89,9538
3,467368505 89,7544
3,548133892 89,555
3,630780548 89,3556
3,715352291 89,1561
3,801893963 88,9566
3,89045145 88,7571
3,981071706 88,5576
4,073802778 88,358
4,168693835 88,1585
4,265795188 87,9589
4,365158322 87,7592
4,466835922 87,5596
4,570881896 87,36
4,677351413 87,1603
4,786300923 86,9606
4,897788194 86,7609
5,011872336 86,5612
5,12861384 86,3615
5,248074602 86,1618
5,370317964 85,962
5,495408739 85,7623
5,623413252 85,5625
5,754399373 85,3627
5,888436554 85,1629
6,025595861 84,9631
6,165950019 84,7633
6,309573445 84,5635
6,45654229 84,3637
6,60693448 84,1639
6,760829754 83,964
6,918309709 83,7642
7,079457844 83,5643
7,244359601 83,3645
7,413102413 83,1646
7,58577575 82,9647
7,762471166 82,7649
7,943282347 82,565
8,128305162 82,3651
8,317637711 82,1652
8,511380382 81,9653
8,7096359 81,7654
8,912509381 81,5655
9,120108394 81,3656
9,332543008 81,1657
9,54992586 80,9657
9,77237221 80,7658
10 80,5659
10,23292992 80,366
10,47128548 80,166
10,71519305 79,9661
10,96478196 79,7662
11,22018454 79,5662
11,48153621 79,3663
11,74897555 79,1663
12,02264435 78,9664
12,30268771 78,7664
12,58925412 78,5665
12,88249552 78,3665
13,18256739 78,1666
13,48962883 77,9666
13,80384265 77,7666
14,12537545 77,5667
14,45439771 77,3667
14,79108388 77,1667
15,13561248 76,9668
15,48816619 76,7668
15,84893192 76,5668
16,21810097 76,3669
16,59586907 76,1669
16,98243652 75,9669
17,37800829 75,7669
17,7827941 75,567
18,19700859 75,367
18,62087137 75,167
19,05460718 74,967
19,498446 74,767
19,95262315 74,5671
20,41737945 74,3671
20,89296131 74,1671
21,3796209 73,9671
21,87761624 73,7671
22,38721139 73,5671
22,90867653 73,3672
23,44228815 73,1672
23,98832919 72,9672
24,54708916 72,7672
25,11886432 72,5672
25,70395783 72,3672
26,30267992 72,1672
26,91534804 71,9672
27,54228703 71,7673
28,18382931 71,5673
28,84031503 71,3673
29,51209227 71,1673
30,1995172 70,9673
30,90295433 70,7673
31,6227766 70,5673
32,35936569 70,3673
33,11311215 70,1673
33,88441561 69,9673
34,67368505 69,7673
35,48133892 69,5673
36,30780548 69,3673
37,15352291 69,1674
38,01893963 68,9674
38,9045145 68,7674
39,81071706 68,5674
40,73802778 68,3674
41,68693835 68,1674
42,65795188 67,9674
43,65158322 67,7674
44,66835922 67,5674
45,70881896 67,3674
46,77351413 67,1674
47,86300923 66,9674
48,97788194 66,7674
50,11872336 66,5674
51,2861384 66,3674
52,48074602 66,1674
53,70317964 65,9674
54,95408739 65,7674
56,23413252 65,5674
57,54399373 65,3674
58,88436554 65,1674
60,25595861 64,9674
61,65950019 64,7674
63,09573445 64,5674
64,5654229 64,3674
66,0693448 64,1674
67,60829754 63,9674
69,18309709 63,7674
70,79457844 63,5675
72,44359601 63,3675
74,13102413 63,1675
75,8577575 62,9675
77,62471166 62,7675
79,43282347 62,5675
81,28305162 62,3675
83,17637711 62,1675
85,11380382 61,9675
87,096359 61,7675
89,12509381 61,5675
91,20108394 61,3675
93,32543008 61,1675
95,4992586 60,9675
97,7237221 60,7675
100 60,5675
102,3292992 60,3675
104,7128548 60,1675
107,1519305 59,9675
109,6478196 59,7675
112,2018454 59,5675
114,8153621 59,3675
117,4897555 59,1675
120,2264435 58,9675
123,0268771 58,7675
125,8925412 58,5675
128,8249552 58,3675
131,8256739 58,1675
134,8962883 57,9675
138,0384265 57,7676
141,2537545 57,5676
144,5439771 57,3676
147,9108388 57,1676
151,3561248 56,9676
154,8816619 56,7676
158,4893192 56,5676
162,1810097 56,3676
165,9586907 56,1676
169,8243652 55,9676
173,7800829 55,7676
177,827941 55,5676
181,9700859 55,3676
186,2087137 55,1676
190,5460718 54,9677
194,98446 54,7677
199,5262315 54,5677
204,1737945 54,3677
208,9296131 54,1677
213,796209 53,9677
218,7761624 53,7677
223,8721139 53,5677
229,0867653 53,3677
234,4228815 53,1678
239,8832919 52,9678
245,4708916 52,7678
251,1886432 52,5678
257,0395783 52,3678
263,0267992 52,1678
269,1534804 51,9679
275,4228703 51,7679
281,8382931 51,5679
288,4031503 51,3679
295,1209227 51,1679
301,995172 50,968
309,0295433 50,768
316,227766 50,568
323,5936569 50,368
331,1311215 50,1681
338,8441561 49,9681
346,7368505 49,7681
354,8133892 49,5682
363,0780548 49,3682
371,5352291 49,1682
380,1893963 48,9683
389,045145 48,7683
398,1071706 48,5683
407,3802778 48,3684
416,8693835 48,1684
426,5795188 47,9685
436,5158322 47,7685
446,6835922 47,5686
457,0881896 47,3686
467,7351413 47,1687
478,6300923 46,9687
489,7788194 46,7688
501,1872336 46,5688
512,861384 46,3689
524,8074602 46,169
537,0317964 45,969
549,5408739 45,7691
562,3413252 45,5692
575,4399373 45,3693
588,8436554 45,1694
602,5595861 44,9695
616,5950019 44,7696
630,9573445 44,5697
645,654229 44,3698
660,693448 44,1699
676,0829754 43,97
691,8309709 43,7701
707,9457844 43,5702
724,4359601 43,3703
741,3102413 43,1705
758,577575 42,9706
776,2471166 42,7708
794,3282347 42,5709
812,8305162 42,3711
831,7637711 42,1713
851,1380382 41,9714
870,96359 41,7716
891,2509381 41,5718
912,0108394 41,372
933,2543008 41,1723
954,992586 40,9725
977,237221 40,7727
1000 40,573
1023,292992 40,3732
1047,128548 40,1735
1071,519305 39,9738
1096,478196 39,7741
1122,018454 39,5744
1148,153621 39,3747
1174,897555 39,175
1202,264435 38,9754
1230,268771 38,7758
1258,925412 38,5762
1288,249552 38,3766
1318,256739 38,177
1348,962883 37,9774
1380,384265 37,7779
1412,537545 37,5784
1445,439771 37,3789
1479,108388 37,1794
1513,561248 36,98
1548,816619 36,7806
1584,893192 36,5812
1621,810097 36,3818
1659,586907 36,1825
1698,243652 35,9832
1737,800829 35,7839
1778,27941 35,5847
1819,700859 35,3855
1862,087137 35,1863
1905,460718 34,9872
1949,8446 34,7881
1995,262315 34,5891
2041,737945 34,3901
2089,296131 34,1912
2137,96209 33,9923
2187,761624 33,7934
2238,721139 33,5946
2290,867653 33,3959
2344,228815 33,1972
2398,832919 32,9985
2454,708916 32,8
2511,886432 32,6015
2570,395783 32,403
2630,267992 32,2047
2691,534804 32,0064
2754,228703 31,8081
2818,382931 31,61
2884,031503 31,4119
2951,209227 31,214
3019,95172 31,0161
3090,295433 30,8183
3162,27766 30,6206
3235,936569 30,423
3311,311215 30,2255
3388,441561 30,0281
3467,368505 29,8309
3548,133892 29,6337
3630,780548 29,4367
3715,352291 29,2398
3801,893963 29,043
3890,45145 28,8463
3981,071706 28,6498
4073,802778 28,4535
4168,693835 28,2573
4265,795188 28,0612
4365,158322 27,8653
4466,835922 27,6696
4570,881896 27,474
4677,351413 27,2787
4786,300923 27,0835
4897,788194 26,8884
5011,872336 26,6936
5128,61384 26,499
5248,074602 26,3046
5370,317964 26,1104
5495,408739 25,9164
5623,413252 25,7226
5754,399373 25,5291
5888,436554 25,3358
6025,595861 25,1427
6165,950019 24,9498
6309,573445 24,7572
6456,54229 24,5649
6606,93448 24,3728
6760,829754 24,181
6918,309709 23,9894
7079,457844 23,7981
7244,359601 23,607
7413,102413 23,4162
7585,77575 23,2257
7762,471166 23,0355
7943,282347 22,8455
8128,305162 22,6558
8317,637711 22,4664
8511,380382 22,2772
8709,6359 22,0883
8912,509381 21,8997
9120,108394 21,7113
9332,543008 21,5231
9549,92586 21,3352
9772,37221 21,1476
10000 20,9601
10232,92992 20,7729
10471,28548 20,5859
10715,19305 20,3991
10964,78196 20,2125
11220,18454 20,026
11481,53621 19,8397
11748,97555 19,6535
12022,64435 19,4675
12302,68771 19,2815
12589,25412 19,0956
12882,49552 18,9098
13182,56739 18,724
13489,62883 18,5382
13803,84265 18,3524
14125,37545 18,1665
14454,39771 17,9806
14791,08388 17,7946
15135,61248 17,6084
15488,16619 17,422
15848,93192 17,2355
16218,10097 17,0488
16595,86907 16,8617
16982,43652 16,6744
17378,00829 16,4868
17782,7941 16,2988
18197,00859 16,1104
18620,87137 15,9216
19054,60718 15,7323
19498,446 15,5425
19952,62315 15,3521
20417,37945 15,1612
20892,96131 14,9696
21379,6209 14,7774
21877,61624 14,5845
22387,21139 14,3909
22908,67653 14,1965
23442,28815 14,0014
23988,32919 13,8053
24547,08916 13,6085
25118,86432 13,4107
25703,95783 13,2119
26302,67992 13,0122
26915,34804 12,8115
27542,28703 12,6097
28183,82931 12,4068
28840,31503 12,2029
29512,09227 11,9977
30199,5172 11,7914
30902,95433 11,5838
31622,7766 11,375
32359,36569 11,1649
33113,11215 10,9535
33884,41561 10,7407
34673,68505 10,5265
35481,33892 10,3109
36307,80548 10,0938
37153,52291 9,87518
38018,93963 9,65505
38904,5145 9,43335
39810,71706 9,21004
40738,02778 8,98509
41686,93835 8,75847
42657,95188 8,53014
43651,58322 8,30006
44668,35922 8,0682
45708,81896 7,83452
46773,51413 7,599
47863,00923 7,36159
48977,88194 7,12226
50118,72336 6,88098
51286,1384 6,63771
52480,74602 6,39243
53703,17964 6,14509
54954,08739 5,89568
56234,13252 5,64415
57543,99373 5,39048
58884,36554 5,13463
60255,95861 4,87658
61659,50019 4,61631
63095,73445 4,35378
64565,4229 4,08898
66069,3448 3,82188
67608,29754 3,55245
69183,09709 3,28068
70794,57844 3,00655
72443,59601 2,73005
74131,02413 2,45115
75857,7575 2,16985
77624,71166 1,88614
79432,82347 1,60001
81283,05162 1,31145
83176,37711 1,02046
85113,80382 0,727029
87096,359 0,431169
89125,09381 0,13288
91201,08394 -0,167836
93325,43008 -0,470969
95499,2586 -0,77651
97723,7221 -1,08445
100000 -1,39477
102329,2992 -1,70745
104712,8548 -2,02249
107151,9305 -2,33985
109647,8196 -2,65952
112201,8454 -2,98147
114815,3621 -3,30567
117489,7555 -3,6321
120226,4435 -3,96073
123026,8771 -4,29152
125892,5412 -4,62445
128824,9552 -4,95948
131825,6739 -5,29658
134896,2883 -5,63571
138038,4265 -5,97683
141253,7545 -6,3199
144543,9771 -6,66489
147910,8388 -7,01176
151356,1248 -7,36046
154881,6619 -7,71096
158489,3192 -8,06322
162181,0097 -8,41719
165958,6907 -8,77283
169824,3652 -9,13011
173780,0829 -9,48899
177827,941 -9,84941
181970,0859 -10,2113
186208,7137 -10,5748
190546,0718 -10,9396
194984,46 -11,3058
199526,2315 -11,6734
204173,7945 -12,0423
208929,6131 -12,4125
213796,209 -12,7839
218776,1624 -13,1565
223872,1139 -13,5303
229086,7653 -13,9052
234422,8815 -14,2812
239883,2919 -14,6583
245470,8916 -15,0365
251188,6432 -15,4156
257039,5783 -15,7957
263026,7992 -16,1768
269153,4804 -16,5587
275422,8703 -16,9416
281838,2931 -17,3253
288403,1503 -17,7099
295120,9227 -18,0953
301995,172 -18,4815
309029,5433 -18,8684
316227,766 -19,2561
323593,6569 -19,6445
331131,1215 -20,0337
338844,1561 -20,4235
346736,8505 -20,814
354813,3892 -21,2052
363078,0548 -21,597
371535,2291 -21,9895
380189,3963 -22,3825
389045,145 -22,7762
398107,1706 -23,1705
407380,2778 -23,5653
416869,3835 -23,9608
426579,5188 -24,3568
436515,8322 -24,7533
446683,5922 -25,1505
457088,1896 -25,5482
467735,1413 -25,9464
478630,0923 -26,3452
489778,8194 -26,7445
501187,2336 -27,1443
512861,384 -27,5447
524807,4602 -27,9457
537031,7964 -28,3471
549540,8739 -28,7492
562341,3252 -29,1517
575439,9373 -29,5549
588843,6554 -29,9586
602559,5861 -30,3628
616595,0019 -30,7676
630957,3445 -31,1731
645654,229 -31,5791
660693,448 -31,9857
676082,9754 -32,3929
691830,9709 -32,8007
707945,7844 -33,2092
724435,9601 -33,6183
741310,2413 -34,0281
758577,575 -34,4386
776247,1166 -34,8497
794328,2347 -35,2616
812830,5162 -35,6743
831763,7711 -36,0876
851138,0382 -36,5018
870963,59 -36,9168
891250,9381 -37,3326
912010,8394 -37,7492
933254,3008 -38,1667
954992,586 -38,5851
977237,221 -39,0045
1000000 -39,4247
1023292,992 -39,846
1047128,548 -40,2683
1071519,305 -40,6916
1096478,196 -41,116
1122018,454 -41,5416
1148153,621 -41,9682
1174897,555 -42,3961
1202264,435 -42,8251
1230268,771 -43,2554
1258925,412 -43,687
1288249,552 -44,1199
1318256,739 -44,5541
1348962,883 -44,9898
1380384,265 -45,4268
1412537,545 -45,8654
1445439,771 -46,3054
1479108,388 -46,7471
1513561,248 -47,1903
1548816,619 -47,6351
1584893,192 -48,0816
1621810,097 -48,5298
1659586,907 -48,9798
1698243,652 -49,4315
1737800,829 -49,8851
1778279,41 -50,3405
1819700,859 -50,7978
1862087,137 -51,257
1905460,718 -51,7182
1949844,6 -52,1815
1995262,315 -52,6467
2041737,945 -53,114
2089296,131 -53,5834
2137962,09 -54,055
2187761,624 -54,5286
2238721,139 -55,0045
2290867,653 -55,4826
2344228,815 -55,9628
2398832,919 -56,4453
2454708,916 -56,9301
2511886,432 -57,4171
2570395,783 -57,9064
2630267,992 -58,3981
2691534,804 -58,892
2754228,703 -59,3882
2818382,931 -59,8867
2884031,503 -60,3875
2951209,227 -60,8907
3019951,72 -61,3962
3090295,433 -61,9039
3162277,66 -62,414
3235936,569 -62,9263
3311311,215 -63,4409
3388441,561 -63,9577
3467368,505 -64,4768
3548133,892 -64,9981
3630780,548 -65,5216
3715352,291 -66,0472
3801893,963 -66,575
3890451,45 -67,1049
3981071,706 -67,6369
4073802,778 -68,1709
4168693,835 -68,707
4265795,188 -69,2451
4365158,322 -69,7851
4466835,922 -70,327
4570881,896 -70,8708
4677351,413 -71,4165
4786300,923 -71,9639
4897788,194 -72,5131
5011872,336 -73,0641
5128613,84 -73,6167
5248074,602 -74,171
5370317,964 -74,7269
5495408,739 -75,2843
5623413,252 -75,8433
5754399,373 -76,4038
5888436,554 -76,9657
6025595,861 -77,529
6165950,019 -78,0936
6309573,445 -78,6596
6456542,29 -79,2269
6606934,48 -79,7954
6760829,754 -80,3651
6918309,709 -80,9359
7079457,844 -81,5079
7244359,601 -82,081
7413102,413 -82,6552
7585775,75 -83,2303
7762471,166 -83,8065
7943282,347 -84,3836
8128305,162 -84,9616
8317637,711 -85,5405
8511380,382 -86,1203
8709635,9 -86,7008
8912509,381 -87,2822
9120108,394 -87,8644
9332543,008 -88,4472
9549925,86 -89,0308
9772372,21 -89,6151
10000000 -90,2
10232929,92 -90,7855
10471285,48 -91,3717
10715193,05 -91,9584
10964781,96 -92,5457
11220184,54 -93,1335
11481536,21 -93,7219
11748975,55 -94,3107
12022644,35 -94,9
12302687,71 -95,4898
12589254,12 -96,08
12882495,52 -96,6706
13182567,39 -97,2617
13489628,83 -97,8531
13803842,65 -98,4449
14125375,45 -99,037
14454397,71 -99,6295
14791083,88 -100,222
15135612,48 -100,815
15488166,19 -101,409
15848931,92 -102,003
16218100,97 -102,597
16595869,07 -103,191
16982436,52 -103,785
17378008,29 -104,38
17782794,1 -104,975
18197008,59 -105,57
18620871,37 -106,166
19054607,18 -106,761
19498446 -107,357
19952623,15 -107,953
20417379,45 -108,549
20892961,31 -109,145
21379620,9 -109,742
21877616,24 -110,339
22387211,39 -110,935
22908676,53 -111,532
23442288,15 -112,129
23988329,19 -112,727
24547089,16 -113,324
25118864,32 -113,921
25703957,83 -114,519
26302679,92 -115,117
26915348,04 -115,714
27542287,03 -116,312
28183829,31 -116,91
28840315,03 -117,508
29512092,27 -118,106
30199517,2 -118,705
30902954,33 -119,303
31622776,6 -119,901
32359365,69 -120,5
33113112,15 -121,098
33884415,61 -121,697
34673685,05 -122,296
35481338,92 -122,894
36307805,48 -123,493
37153522,91 -124,092
38018939,63 -124,691
38904514,5 -125,29
39810717,06 -125,889
40738027,78 -126,488
41686938,35 -127,087
42657951,88 -127,686
43651583,22 -128,285
44668359,22 -128,884
45708818,96 -129,483
46773514,13 -130,083
47863009,23 -130,682
48977881,94 -131,281
50118723,36 -131,881
51286138,4 -132,48
52480746,02 -133,079
53703179,64 -133,679
54954087,39 -134,278
56234132,52 -134,878
57543993,73 -135,477
58884365,54 -136,077
60255958,61 -136,676
61659500,19 -137,276
63095734,45 -137,876
64565422,9 -138,475
66069344,8 -139,075
67608297,54 -139,674
69183097,09 -140,274
70794578,44 -140,874
72443596,01 -141,474
74131024,13 -142,073
75857757,5 -142,673
77624711,66 -143,273
79432823,47 -143,872
81283051,62 -144,472
83176377,11 -145,072
85113803,82 -145,672
87096359 -146,271
89125093,81 -146,871
91201083,94 -147,471
93325430,08 -148,071
95499258,6 -148,671
97723722,1 -149,271
100000000 -149,87
102329299,2 -150,47
104712854,8 -151,07
107151930,5 -151,67
109647819,6 -152,27
112201845,4 -152,87
114815362,1 -153,47
117489755,5 -154,069
120226443,5 -154,669
123026877,1 -155,269
125892541,2 -155,869
128824955,2 -156,469
131825673,9 -157,069
134896288,3 -157,669
138038426,5 -158,269
141253754,5 -158,869
144543977,1 -159,469
147910838,8 -160,068
151356124,8 -160,668
154881661,9 -161,268
158489319,2 -161,868
162181009,7 -162,468
165958690,7 -163,068
169824365,2 -163,668
173780082,9 -164,268
177827941 -164,868
181970085,9 -165,468
186208713,7 -166,068
190546071,8 -166,668
194984460 -167,268
199526231,5 -167,868
204173794,5 -168,468
208929613,1 -169,068
213796209 -169,668
218776162,4 -170,268
223872113,9 -170,868
229086765,3 -171,468
234422881,5 -172,068
239883291,9 -172,668
245470891,6 -173,267
251188643,2 -173,867
257039578,3 -174,467
263026799,2 -175,067
269153480,4 -175,667
275422870,3 -176,267
281838293,1 -176,867
288403150,3 -177,467
295120922,7 -178,067
301995172 -178,667
309029543,3 -179,267
316227766 -179,867
323593656,9 -180,467
331131121,5 -181,067
338844156,1 -181,667
346736850,5 -182,267
354813389,2 -182,867
363078054,8 -183,467
371535229,1 -184,067
380189396,3 -184,667
389045145 -185,267
398107170,6 -185,867
407380277,8 -186,467
416869383,5 -187,067
426579518,8 -187,667
436515832,2 -188,267
446683592,2 -188,867
457088189,6 -189,467
467735141,3 -190,067
478630092,3 -190,667
489778819,4 -191,267
501187233,6 -191,867
512861384 -192,467
524807460,2 -193,067
537031796,4 -193,667
549540873,9 -194,267
562341325,2 -194,867
575439937,3 -195,467
588843655,4 -196,067
602559586,1 -196,667
616595001,9 -197,267
630957344,5 -197,867
645654229 -198,467
660693448 -199,067
676082975,4 -199,667
691830970,9 -200
707945784,4 -200
724435960,1 -200
741310241,3 -200
758577575 -200
776247116,6 -200
794328234,7 -200
812830516,2 -200
831763771,1 -200
851138038,2 -200
870963590 -200
891250938,1 -200
912010839,4 -200
933254300,8 -200
954992586 -200
977237221 -200
1000000000 -200
