0,001 18,0618
0,001023292992 18,0618
0,001047128548 18,0618
0,001071519305 18,0618
0,001096478196 18,0618
0,001122018454 18,0618
0,001148153621 18,0618
0,001174897555 18,0618
0,001202264435 18,0618
0,001230268771 18,0618
0,001258925412 18,0618
0,001288249552 18,0618
0,001318256739 18,0618
0,001348962883 18,0618
0,001380384265 18,0618
0,001412537545 18,0618
0,001445439771 18,0618
0,001479108388 18,0618
0,001513561248 18,0618
0,001548816619 18,0618
0,001584893192 18,0618
0,001621810097 18,0618
0,001659586907 18,0618
0,001698243652 18,0618
0,001737800829 18,0618
0,00177827941 18,0618
0,001819700859 18,0618
0,001862087137 18,0618
0,001905460718 18,0618
0,0019498446 18,0618
0,001995262315 18,0618
0,002041737945 18,0618
0,002089296131 18,0618
0,00213796209 18,0618
0,002187761624 18,0618
0,002238721139 18,0618
0,002290867653 18,0618
0,002344228815 18,0618
0,002398832919 18,0618
0,002454708916 18,0618
0,002511886432 18,0618
0,002570395783 18,0618
0,002630267992 18,0618
0,002691534804 18,0618
0,002754228703 18,0618
0,002818382931 18,0618
0,002884031503 18,0618
0,002951209227 18,0618
0,00301995172 18,0618
0,003090295433 18,0618
0,00316227766 18,0618
0,003235936569 18,0618
0,003311311215 18,0618
0,003388441561 18,0618
0,003467368505 18,0618
0,003548133892 18,0618
0,003630780548 18,0618
0,003715352291 18,0618
0,003801893963 18,0618
0,00389045145 18,0618
0,003981071706 18,0618
0,004073802778 18,0618
0,004168693835 18,0618
0,004265795188 18,0618
0,004365158322 18,0618
0,004466835922 18,0618
0,004570881896 18,0618
0,004677351413 18,0618
0,004786300923 18,0618
0,004897788194 18,0618
0,005011872336 18,0618
0,00512861384 18,0618
0,005248074602 18,0618
0,005370317964 18,0618
0,005495408739 18,0618
0,005623413252 18,0618
0,005754399373 18,0618
0,005888436554 18,0618
0,006025595861 18,0618
0,006165950019 18,0618
0,006309573445 18,0618
0,00645654229 18,0618
0,00660693448 18,0618
0,006760829754 18,0618
0,006918309709 18,0618
0,007079457844 18,0618
0,007244359601 18,0618
0,007413102413 18,0618
0,00758577575 18,0618
0,007762471166 18,0618
0,007943282347 18,0618
0,008128305162 18,0618
0,008317637711 18,0618
0,008511380382 18,0618
0,0087096359 18,0618
0,008912509381 18,0618
0,009120108394 18,0618
0,009332543008 18,0618
0,00954992586 18,0618
0,00977237221 18,0618
0,01 18,0618
0,01023292992 18,0618
0,01047128548 18,0618
0,01071519305 18,0618
0,01096478196 18,0618
0,01122018454 18,0618
0,01148153621 18,0618
0,01174897555 18,0618
0,01202264435 18,0618
0,01230268771 18,0618
0,01258925412 18,0618
0,01288249552 18,0618
0,01318256739 18,0618
0,01348962883 18,0618
0,01380384265 18,0618
0,01412537545 18,0618
0,01445439771 18,0618
0,01479108388 18,0618
0,01513561248 18,0618
0,01548816619 18,0618
0,01584893192 18,0618
0,01621810097 18,0618
0,01659586907 18,0618
0,01698243652 18,0618
0,01737800829 18,0618
0,0177827941 18,0618
0,01819700859 18,0618
0,01862087137 18,0618
0,01905460718 18,0618
0,019498446 18,0618
0,01995262315 18,0618
0,02041737945 18,0618
0,02089296131 18,0618
0,0213796209 18,0618
0,02187761624 18,0618
0,02238721139 18,0618
0,02290867653 18,0618
0,02344228815 18,0618
0,02398832919 18,0618
0,02454708916 18,0618
0,02511886432 18,0618
0,02570395783 18,0618
0,02630267992 18,0618
0,02691534804 18,0618
0,02754228703 18,0618
0,02818382931 18,0618
0,02884031503 18,0618
0,02951209227 18,0618
0,0301995172 18,0618
0,03090295433 18,0618
0,0316227766 18,0618
0,03235936569 18,0618
0,03311311215 18,0618
0,03388441561 18,0618
0,03467368505 18,0618
0,03548133892 18,0618
0,03630780548 18,0618
0,03715352291 18,0618
0,03801893963 18,0618
0,0389045145 18,0618
0,03981071706 18,0618
0,04073802778 18,0618
0,04168693835 18,0618
0,04265795188 18,0618
0,04365158322 18,0618
0,04466835922 18,0618
0,04570881896 18,0618
0,04677351413 18,0618
0,04786300923 18,0618
0,04897788194 18,0618
0,05011872336 18,0618
0,0512861384 18,0618
0,05248074602 18,0618
0,05370317964 18,0618
0,05495408739 18,0618
0,05623413252 18,0618
0,05754399373 18,0618
0,05888436554 18,0618
0,06025595861 18,0618
0,06165950019 18,0618
0,06309573445 18,0618
0,0645654229 18,0618
0,0660693448 18,0618
0,06760829754 18,0618
0,06918309709 18,0618
0,07079457844 18,0618
0,07244359601 18,0618
0,07413102413 18,0618
0,0758577575 18,0618
0,07762471166 18,0618
0,07943282347 18,0618
0,08128305162 18,0618
0,08317637711 18,0618
0,08511380382 18,0618
0,087096359 18,0618
0,08912509381 18,0618
0,09120108394 18,0618
0,09332543008 18,0618
0,0954992586 18,0618
0,0977237221 18,0618
0,1 18,0618
0,1023292992 18,0618
0,1047128548 18,0618
0,1071519305 18,0618
0,1096478196 18,0618
0,1122018454 18,0618
0,1148153621 18,0618
0,1174897555 18,0618
0,1202264435 18,0618
0,1230268771 18,0618
0,1258925412 18,0618
0,1288249552 18,0618
0,1318256739 18,0618
0,1348962883 18,0618
0,1380384265 18,0618
0,1412537545 18,0618
0,1445439771 18,0618
0,1479108388 18,0618
0,1513561248 18,0618
0,1548816619 18,0618
0,1584893192 18,0618
0,1621810097 18,0618
0,1659586907 18,0618
0,1698243652 18,0618
0,1737800829 18,0618
0,177827941 18,0618
0,1819700859 18,0618
0,1862087137 18,0618
0,1905460718 18,0618
0,19498446 18,0618
0,1995262315 18,0618
0,2041737945 18,0618
0,2089296131 18,0618
0,213796209 18,0618
0,2187761624 18,0618
0,2238721139 18,0618
0,2290867653 18,0618
0,2344228815 18,0618
0,2398832919 18,0618
0,2454708916 18,0618
0,2511886432 18,0618
0,2570395783 18,0618
0,2630267992 18,0618
0,2691534804 18,0618
0,2754228703 18,0618
0,2818382931 18,0618
0,2884031503 18,0618
0,2951209227 18,0618
0,301995172 18,0618
0,3090295433 18,0618
0,316227766 18,0618
0,3235936569 18,0618
0,3311311215 18,0618
0,3388441561 18,0618
0,3467368505 18,0618
0,3548133892 18,0618
0,3630780548 18,0618
0,3715352291 18,0618
0,3801893963 18,0618
0,389045145 18,0618
0,3981071706 18,0618
0,4073802778 18,0618
0,4168693835 18,0618
0,4265795188 18,0618
0,4365158322 18,0618
0,4466835922 18,0618
0,4570881896 18,0618
0,4677351413 18,0618
0,4786300923 18,0618
0,4897788194 18,0618
0,5011872336 18,0618
0,512861384 18,0618
0,5248074602 18,0618
0,5370317964 18,0618
0,5495408739 18,0618
0,5623413252 18,0618
0,5754399373 18,0618
0,5888436554 18,0618
0,6025595861 18,0618
0,6165950019 18,0618
0,6309573445 18,0618
0,645654229 18,0618
0,660693448 18,0618
0,6760829754 18,0618
0,6918309709 18,0618
0,7079457844 18,0618
0,7244359601 18,0618
0,7413102413 18,0618
0,758577575 18,0618
0,7762471166 18,0618
0,7943282347 18,0618
0,8128305162 18,0618
0,8317637711 18,0618
0,8511380382 18,0618
0,87096359 18,0618
0,8912509381 18,0618
0,9120108394 18,0618
0,9332543008 18,0618
0,954992586 18,0618
0,977237221 18,0618
1 18,0618
1,023292992 18,0618
1,047128548 18,0618
1,071519305 18,0618
1,096478196 18,0618
1,122018454 18,0618
1,148153621 18,0618
1,174897555 18,0618
1,202264435 18,0618
1,230268771 18,0618
1,258925412 18,0618
1,288249552 18,0618
1,318256739 18,0618
1,348962883 18,0618
1,380384265 18,0618
1,412537545 18,0618
1,445439771 18,0618
1,479108388 18,0618
1,513561248 18,0618
1,548816619 18,0618
1,584893192 18,0618
1,621810097 18,0618
1,659586907 18,0618
1,698243652 18,0618
1,737800829 18,0618
1,77827941 18,0618
1,819700859 18,0618
1,862087137 18,0618
1,905460718 18,0618
1,9498446 18,0618
1,995262315 18,0618
2,041737945 18,0618
2,089296131 18,0618
2,13796209 18,0618
2,187761624 18,0618
2,238721139 18,0618
2,290867653 18,0618
2,344228815 18,0618
2,398832919 18,0618
2,454708916 18,0618
2,511886432 18,0618
2,570395783 18,0618
2,630267992 18,0618
2,691534804 18,0618
2,754228703 18,0618
2,818382931 18,0618
2,884031503 18,0618
2,951209227 18,0618
3,01995172 18,0618
3,090295433 18,0618
3,16227766 18,0618
3,235936569 18,0618
3,311311215 18,0618
3,388441561 18,0618
3,467368505 18,0618
3,548133892 18,0618
3,630780548 18,0618
3,715352291 18,0618
3,801893963 18,0618
3,89045145 18,0618
3,981071706 18,0618
4,073802778 18,0618
4,168693835 18,0618
4,265795188 18,0618
4,365158322 18,0618
4,466835922 18,0618
4,570881896 18,0618
4,677351413 18,0618
4,786300923 18,0618
4,897788194 18,0618
5,011872336 18,0618
5,12861384 18,0618
5,248074602 18,0618
5,370317964 18,0618
5,495408739 18,0618
5,623413252 18,0618
5,754399373 18,0618
5,888436554 18,0618
6,025595861 18,0618
6,165950019 18,0618
6,309573445 18,0618
6,45654229 18,0618
6,60693448 18,0618
6,760829754 18,0618
6,918309709 18,0618
7,079457844 18,0618
7,244359601 18,0618
7,413102413 18,0618
7,58577575 18,0618
7,762471166 18,0618
7,943282347 18,0618
8,128305162 18,0618
8,317637711 18,0618
8,511380382 18,0618
8,7096359 18,0618
8,912509381 18,0618
9,120108394 18,0618
9,332543008 18,0618
9,54992586 18,0618
9,77237221 18,0618
10 18,0618
10,23292992 18,0618
10,47128548 18,0618
10,71519305 18,0618
10,96478196 18,0618
11,22018454 18,0618
11,48153621 18,0618
11,74897555 18,0618
12,02264435 18,0618
12,30268771 18,0618
12,58925412 18,0618
12,88249552 18,0618
13,18256739 18,0618
13,48962883 18,0618
13,80384265 18,0618
14,12537545 18,0618
14,45439771 18,0618
14,79108388 18,0618
15,13561248 18,0618
15,48816619 18,0618
15,84893192 18,0618
16,21810097 18,0618
16,59586907 18,0618
16,98243652 18,0618
17,37800829 18,0618
17,7827941 18,0618
18,19700859 18,0618
18,62087137 18,0618
19,05460718 18,0618
19,498446 18,0618
19,95262315 18,0618
20,41737945 18,0618
20,89296131 18,0618
21,3796209 18,0618
21,87761624 18,0618
22,38721139 18,0618
22,90867653 18,0618
23,44228815 18,0618
23,98832919 18,0618
24,54708916 18,0618
25,11886432 18,0618
25,70395783 18,0618
26,30267992 18,0618
26,91534804 18,0618
27,54228703 18,0618
28,18382931 18,0618
28,84031503 18,0618
29,51209227 18,0618
30,1995172 18,0618
30,90295433 18,0618
31,6227766 18,0618
32,35936569 18,0618
33,11311215 18,0618
33,88441561 18,0618
34,67368505 18,0618
35,48133892 18,0618
36,30780548 18,0618
37,15352291 18,0618
38,01893963 18,0618
38,9045145 18,0618
39,81071706 18,0618
40,73802778 18,0618
41,68693835 18,0618
42,65795188 18,0618
43,65158322 18,0618
44,66835922 18,0618
45,70881896 18,0618
46,77351413 18,0618
47,86300923 18,0618
48,97788194 18,0618
50,11872336 18,0618
51,2861384 18,0618
52,48074602 18,0618
53,70317964 18,0618
54,95408739 18,0618
56,23413252 18,0618
57,54399373 18,0618
58,88436554 18,0618
60,25595861 18,0618
61,65950019 18,0618
63,09573445 18,0618
64,5654229 18,0618
66,0693448 18,0618
67,60829754 18,0618
69,18309709 18,0618
70,79457844 18,0618
72,44359601 18,0618
74,13102413 18,0618
75,8577575 18,0618
77,62471166 18,0618
79,43282347 18,0618
81,28305162 18,0618
83,17637711 18,0618
85,11380382 18,0618
87,096359 18,0618
89,12509381 18,0618
91,20108394 18,0618
93,32543008 18,0618
95,4992586 18,0618
97,7237221 18,0618
100 18,0618
102,3292992 18,0618
104,7128548 18,0618
107,1519305 18,0618
109,6478196 18,0618
112,2018454 18,0618
114,8153621 18,0618
117,4897555 18,0618
120,2264435 18,0618
123,0268771 18,0618
125,8925412 18,0618
128,8249552 18,0618
131,8256739 18,0618
134,8962883 18,0618
138,0384265 18,0618
141,2537545 18,0618
144,5439771 18,0618
147,9108388 18,0618
151,3561248 18,0618
154,8816619 18,0618
158,4893192 18,0618
162,1810097 18,0618
165,9586907 18,0618
169,8243652 18,0618
173,7800829 18,0618
177,827941 18,0618
181,9700859 18,0618
186,2087137 18,0618
190,5460718 18,0618
194,98446 18,0618
199,5262315 18,0618
204,1737945 18,0617
208,9296131 18,0617
213,796209 18,0617
218,7761624 18,0617
223,8721139 18,0617
229,0867653 18,0617
234,4228815 18,0617
239,8832919 18,0617
245,4708916 18,0617
251,1886432 18,0617
257,0395783 18,0617
263,0267992 18,0617
269,1534804 18,0617
275,4228703 18,0617
281,8382931 18,0617
288,4031503 18,0617
295,1209227 18,0617
301,995172 18,0617
309,0295433 18,0617
316,227766 18,0617
323,5936569 18,0617
331,1311215 18,0617
338,8441561 18,0617
346,7368505 18,0617
354,8133892 18,0617
363,0780548 18,0617
371,5352291 18,0617
380,1893963 18,0617
389,045145 18,0617
398,1071706 18,0617
407,3802778 18,0616
416,8693835 18,0616
426,5795188 18,0616
436,5158322 18,0616
446,6835922 18,0616
457,0881896 18,0616
467,7351413 18,0616
478,6300923 18,0616
489,7788194 18,0616
501,1872336 18,0616
512,861384 18,0616
524,8074602 18,0616
537,0317964 18,0615
549,5408739 18,0615
562,3413252 18,0615
575,4399373 18,0615
588,8436554 18,0615
602,5595861 18,0615
616,5950019 18,0615
630,9573445 18,0615
645,654229 18,0614
660,693448 18,0614
676,0829754 18,0614
691,8309709 18,0614
707,9457844 18,0614
724,4359601 18,0614
741,3102413 18,0613
758,577575 18,0613
776,2471166 18,0613
794,3282347 18,0613
812,8305162 18,0612
831,7637711 18,0612
851,1380382 18,0612
870,96359 18,0612
891,2509381 18,0611
912,0108394 18,0611
933,2543008 18,0611
954,992586 18,061
977,237221 18,061
1000 18,061
1023,292992 18,0609
1047,128548 18,0609
1071,519305 18,0608
1096,478196 18,0608
1122,018454 18,0608
1148,153621 18,0607
1174,897555 18,0607
1202,264435 18,0606
1230,268771 18,0606
1258,925412 18,0605
1288,249552 18,0604
1318,256739 18,0604
1348,962883 18,0603
1380,384265 18,0602
1412,537545 18,0602
1445,439771 18,0601
1479,108388 18,06
1513,561248 18,0599
1548,816619 18,0598
1584,893192 18,0597
1621,810097 18,0596
1659,586907 18,0595
1698,243652 18,0594
1737,800829 18,0593
1778,27941 18,0592
1819,700859 18,0591
1862,087137 18,059
1905,460718 18,0588
1949,8446 18,0587
1995,262315 18,0585
2041,737945 18,0584
2089,296131 18,0582
2137,96209 18,0581
2187,761624 18,0579
2238,721139 18,0577
2290,867653 18,0575
2344,228815 18,0573
2398,832919 18,0571
2454,708916 18,0569
2511,886432 18,0566
2570,395783 18,0564
2630,267992 18,0562
2691,534804 18,0559
2754,228703 18,0556
2818,382931 18,0553
2884,031503 18,055
2951,209227 18,0547
3019,95172 18,0544
3090,295433 18,054
3162,27766 18,0536
3235,936569 18,0533
3311,311215 18,0529
3388,441561 18,0524
3467,368505 18,052
3548,133892 18,0515
3630,780548 18,0511
3715,352291 18,0506
3801,893963 18,05
3890,45145 18,0495
3981,071706 18,0489
4073,802778 18,0483
4168,693835 18,0477
4265,795188 18,047
4365,158322 18,0463
4466,835922 18,0456
4570,881896 18,0448
4677,351413 18,044
4786,300923 18,0432
4897,788194 18,0423
5011,872336 18,0414
5128,61384 18,0404
5248,074602 18,0394
5370,317964 18,0384
5495,408739 18,0373
5623,413252 18,0361
5754,399373 18,0349
5888,436554 18,0336
6025,595861 18,0323
6165,950019 18,0309
6309,573445 18,0295
6456,54229 18,028
6606,93448 18,0264
6760,829754 18,0247
6918,309709 18,023
7079,457844 18,0212
7244,359601 18,0192
7413,102413 18,0173
7585,77575 18,0152
7762,471166 18,013
7943,282347 18,0107
8128,305162 18,0083
8317,637711 18,0058
8511,380382 18,0032
8709,6359 18,0004
8912,509381 17,9976
9120,108394 17,9946
9332,543008 17,9914
9549,92586 17,9881
9772,37221 17,9847
10000 17,9811
10232,92992 17,9773
10471,28548 17,9734
10715,19305 17,9693
10964,78196 17,9649
11220,18454 17,9604
11481,53621 17,9557
11748,97555 17,9508
12022,64435 17,9456
12302,68771 17,9402
12589,25412 17,9346
12882,49552 17,9287
13182,56739 17,9225
13489,62883 17,916
13803,84265 17,9093
14125,37545 17,9022
14454,39771 17,8949
14791,08388 17,8871
15135,61248 17,8791
15488,16619 17,8707
15848,93192 17,8619
16218,10097 17,8527
16595,86907 17,843
16982,43652 17,833
17378,00829 17,8225
17782,7941 17,8115
18197,00859 17,8001
18620,87137 17,7882
19054,60718 17,7757
19498,446 17,7626
19952,62315 17,749
20417,37945 17,7348
20892,96131 17,72
21379,6209 17,7046
21877,61624 17,6884
22387,21139 17,6716
22908,67653 17,654
23442,28815 17,6357
23988,32919 17,6166
24547,08916 17,5968
25118,86432 17,576
25703,95783 17,5544
26302,67992 17,5319
26915,34804 17,5084
27542,28703 17,484
28183,82931 17,4586
28840,31503 17,4321
29512,09227 17,4046
30199,5172 17,3759
30902,95433 17,3461
31622,7766 17,3151
32359,36569 17,2829
33113,11215 17,2494
33884,41561 17,2147
34673,68505 17,1785
35481,33892 17,141
36307,80548 17,1021
37153,52291 17,0617
38018,93963 17,0198
38904,5145 16,9763
39810,71706 16,9313
40738,02778 16,8846
41686,93835 16,8363
42657,95188 16,7862
43651,58322 16,7344
44668,35922 16,6808
45708,81896 16,6254
46773,51413 16,5681
47863,00923 16,5089
48977,88194 16,4478
50118,72336 16,3847
51286,1384 16,3196
52480,74602 16,2524
53703,17964 16,1832
54954,08739 16,1119
56234,13252 16,0384
57543,99373 15,9628
58884,36554 15,885
60255,95861 15,805
61659,50019 15,7228
63095,73445 15,6383
64565,4229 15,5516
66069,3448 15,4626
67608,29754 15,3713
69183,09709 15,2777
70794,57844 15,1818
72443,59601 15,0836
74131,02413 14,9831
75857,7575 14,8803
77624,71166 14,7752
79432,82347 14,6677
81283,05162 14,558
83176,37711 14,446
85113,80382 14,3317
87096,359 14,2151
89125,09381 14,0963
91201,08394 13,9753
93325,43008 13,852
95499,2586 13,7266
97723,7221 13,599
100000 13,4693
102329,2992 13,3374
104712,8548 13,2035
107151,9305 13,0676
109647,8196 12,9296
112201,8454 12,7896
114815,3621 12,6477
117489,7555 12,5039
120226,4435 12,3582
123026,8771 12,2107
125892,5412 12,0614
128824,9552 11,9103
131825,6739 11,7574
134896,2883 11,6029
138038,4265 11,4468
141253,7545 11,289
144543,9771 11,1297
147910,8388 10,9688
151356,1248 10,8065
154881,6619 10,6427
158489,3192 10,4774
162181,0097 10,3109
165958,6907 10,1429
169824,3652 9,97369
173780,0829 9,80319
177827,941 9,63146
181970,0859 9,45854
186208,7137 9,28446
190546,0718 9,10926
194984,46 8,93296
199526,2315 8,7556
204173,7945 8,57721
208929,6131 8,39782
213796,209 8,21746
218776,1624 8,03616
223872,1139 7,85394
229086,7653 7,67083
234422,8815 7,48686
239883,2919 7,30205
245470,8916 7,11642
251188,6432 6,93
257039,5783 6,7428
263026,7992 6,55485
269153,4804 6,36617
275422,8703 6,17677
281838,2931 5,98668
288403,1503 5,7959
295120,9227 5,60445
301995,172 5,41236
309029,5433 5,21962
316227,766 5,02625
323593,6569 4,83226
331131,1215 4,63767
338844,1561 4,44248
346736,8505 4,2467
354813,3892 4,05033
363078,0548 3,85339
371535,2291 3,65587
380189,3963 3,45779
389045,145 3,25913
398107,1706 3,05991
407380,2778 2,86013
416869,3835 2,65978
426579,5188 2,45887
436515,8322 2,25738
446683,5922 2,05533
457088,1896 1,8527
467735,1413 1,64948
478630,0923 1,44568
489778,8194 1,24128
501187,2336 1,03627
512861,384 0,830642
524807,4602 0,624389
537031,7964 0,417495
549540,8739 0,209946
562341,3252 0,00172759
575439,9373 -0,207177
588843,6554 -0,416785
602559,5861 -0,627116
616595,0019 -0,83819
630957,3445 -1,05003
645654,229 -1,26265
660693,448 -1,47609
676082,9754 -1,69037
691830,9709 -1,90551
707945,7844 -2,12155
724435,9601 -2,33851
741310,2413 -2,55644
758577,575 -2,77535
776247,1166 -2,99529
794328,2347 -3,2163
812830,5162 -3,43842
831763,7711 -3,66168
851138,0382 -3,88613
870963,59 -4,11182
891250,9381 -4,33879
912010,8394 -4,5671
933254,3008 -4,79679
954992,586 -5,02792
977237,221 -5,26055
1000000 -5,49474
1023292,992 -5,73054
1047128,548 -5,96802
1071519,305 -6,20725
1096478,196 -6,4483
1122018,454 -6,69124
1148153,621 -6,93614
1174897,555 -7,18309
1202264,435 -7,43216
1230268,771 -7,68345
1258925,412 -7,93703
1288249,552 -8,19301
1318256,739 -8,45147
1348962,883 -8,71251
1380384,265 -8,97625
1412537,545 -9,24278
1445439,771 -9,51222
1479108,388 -9,78468
1513561,248 -10,0603
1548816,619 -10,3392
1584893,192 -10,6214
1621810,097 -10,9072
1659586,907 -11,1967
1698243,652 -11,49
1737800,829 -11,7873
1778279,41 -12,0887
1819700,859 -12,3944
1862087,137 -12,7045
1905460,718 -13,0193
1949844,6 -13,339
1995262,315 -13,6637
2041737,945 -13,9936
2089296,131 -14,3289
2137962,09 -14,67
2187761,624 -15,0169
2238721,139 -15,37
2290867,653 -15,7295
2344228,815 -16,0956
2398832,919 -16,4687
2454708,916 -16,8491
2511886,432 -17,237
2570395,783 -17,6329
2630267,992 -18,0369
2691534,804 -18,4496
2754228,703 -18,8713
2818382,931 -19,3024
2884031,503 -19,7433
2951209,227 -20,1946
3019951,72 -20,6567
3090295,433 -21,1301
3162277,66 -21,6155
3235936,569 -22,1133
3311311,215 -22,6244
3388441,561 -23,1493
3467368,505 -23,6889
3548133,892 -24,244
3630780,548 -24,8154
3715352,291 -25,4042
3801893,963 -26,0115
3890451,45 -26,6383
3981071,706 -27,2861
4073802,778 -27,9561
4168693,835 -28,65
4265795,188 -29,3694
4365158,322 -30,1161
4466835,922 -30,8921
4570881,896 -31,6995
4677351,413 -32,5403
4786300,923 -33,4168
4897788,194 -34,3306
5011872,336 -35,2829
5128613,84 -36,2735
5248074,602 -37,2998
5370317,964 -38,3548
5495408,739 -39,4247
5623413,252 -40,4841
5754399,373 -41,4922
5888436,554 -42,3902
6025595,861 -43,107
6165950,019 -43,5781
6309573,445 -43,7726
6456542,29 -43,7096
6606934,48 -43,4474
6760829,754 -43,0575
6918309,709 -42,602
7079457,844 -42,1258
7244359,601 -41,657
7413102,413 -41,2115
7585775,75 -40,7973
7762471,166 -40,4175
7943282,347 -40,0722
8128305,162 -39,7604
8317637,711 -39,4798
8511380,382 -39,2283
8709635,9 -39,0033
8912509,381 -38,8024
9120108,394 -38,6234
9332543,008 -38,4642
9549925,86 -38,3227
9772372,21 -38,1972
10000000 -38,086
